C:\RaDeCC\Data\AL557_062021\060621_green_224STD_blank.txt
Start Time 6/6/2021  22:40:49
Runtime  CPM219   Cnt219   CPM220   Cnt220   CPMTot   CntTot
0000.98  000.000  0000000  000.000  0000000  003.051  0000003
0001.98  000.000  0000000  000.000  0000000  002.017  0000001
0002.98  000.000  0000000  000.000  0000000  002.346  0000003
0003.98  000.000  0000000  000.000  0000000  002.510  0000003
0005.00  000.000  0000000  000.000  0000000  002.200  0000001
0006.00  000.000  0000000  000.000  0000000  002.000  0000001
0006.98  000.000  0000000  000.000  0000000  001.862  0000001
0007.98  000.000  0000000  000.000  0000000  001.754  0000001
0009.00  000.000  0000000  000.000  0000000  001.778  0000002
0010.00  000.000  0000000  000.000  0000000  001.900  0000003
0011.00  000.000  0000000  000.000  0000000  001.909  0000002
0012.00  000.000  0000000  000.000  0000000  002.167  0000005
0013.00  000.000  0000000  000.000  0000000  002.154  0000002
0014.00  000.000  0000000  000.000  0000000  002.000  0000000
0015.00  000.000  0000000  000.000  0000000  002.133  0000004
0016.00  000.000  0000000  000.000  0000000  002.125  0000002
0017.00  000.000  0000000  000.000  0000000  002.176  0000003
0018.02  000.000  0000000  000.000  0000000  002.109  0000001
Group 4 Stopped 6/6/2021  22:59:23
 
Count Summary
C:RaDeCC\DataRaDeCC.sum
Runtime  CPM219   Cnt219  CPM220   Cnt220  CPMTot   CntTot
0018.57  000.000  000000  000.000  000000  002.047  000038
System Number 4
(219:Delay= 0.01 Window= 5.6)(220:Delay= 5.61 Window= 600)
Eff Last Updated  15Jan13  219= Uset  220= Uset  Tot= Uset

