C:\RaDeCC\Data\AL557_062021\060621_green_223STD_blank.txt
Start Time 6/6/2021  19:56:03
Runtime  CPM219   Cnt219   CPM220   Cnt220   CPMTot   CntTot
0001.00  000.000  0000000  000.000  0000000  001.000  0000001
0002.00  000.000  0000000  000.000  0000000  002.000  0000003
0003.00  000.000  0000000  000.000  0000000  002.333  0000003
0003.98  000.000  0000000  000.000  0000000  002.008  0000001
0005.00  000.000  0000000  000.000  0000000  001.800  0000001
0006.00  000.000  0000000  000.000  0000000  001.500  0000000
0007.00  000.000  0000000  000.000  0000000  001.571  0000002
0008.00  000.000  0000000  000.000  0000000  001.750  0000003
0009.02  000.000  0000000  000.000  0000000  001.774  0000002
0010.00  000.000  0000000  000.000  0000000  001.900  0000003
0011.00  000.000  0000000  000.000  0000000  002.000  0000003
0012.00  000.000  0000000  000.000  0000000  001.917  0000001
0013.02  000.000  0000000  000.000  0000000  001.921  0000002
Group 4 Stopped 6/6/2021  20:09:11
 
Count Summary
C:RaDeCC\DataRaDeCC.sum
Runtime  CPM219   Cnt219  CPM220   Cnt220  CPMTot   CntTot
0013.13  000.000  000000  000.000  000000  001.904  000025
System Number 4
(219:Delay= 0.01 Window= 5.6)(220:Delay= 5.61 Window= 600)
Eff Last Updated  15Jan13  219= Uset  220= Uset  Tot= Uset

