C:\RaDeCC\Data\AL557_062021\060621_blue_223STD_blank.txt
Start Time 6/6/2021  22:40:47
Runtime  CPM219   Cnt219   CPM220   Cnt220   CPMTot   CntTot
0000.98  000.000  0000000  000.000  0000000  002.034  0000002
0001.98  000.000  0000000  000.000  0000000  002.017  0000002
0003.00  000.000  0000000  000.000  0000000  001.667  0000001
0004.00  000.000  0000000  000.000  0000000  001.250  0000000
0005.00  000.000  0000000  000.000  0000000  001.200  0000001
0006.00  000.000  0000000  000.000  0000000  001.167  0000001
0006.98  000.000  0000000  000.000  0000000  001.289  0000002
0008.00  000.000  0000000  000.000  0000000  001.125  0000000
0009.00  000.000  0000000  000.000  0000000  001.111  0000001
0010.00  000.000  0000000  000.000  0000000  001.000  0000000
0011.00  000.000  0000000  000.000  0000000  000.909  0000000
0012.02  000.000  0000000  000.000  0000000  000.915  0000001
0013.00  000.000  0000000  000.000  0000000  000.846  0000000
0014.00  000.000  0000000  000.000  0000000  000.857  0000001
0015.00  000.000  0000000  000.000  0000000  000.867  0000001
0016.02  000.000  0000000  000.000  0000000  000.812  0000000
0017.02  000.000  0000000  000.000  0000000  000.764  0000000
0018.00  000.000  0000000  000.000  0000000  000.722  0000000
Group 3 Stopped 6/6/2021  22:59:20
 
Count Summary
C:RaDeCC\DataRaDeCC.sum
Runtime  CPM219   Cnt219  CPM220   Cnt220  CPMTot   CntTot
0018.55  000.000  000000  000.000  000000  000.701  000013
System Number 3
(219:Delay= 0.01 Window= 5.6)(220:Delay= 5.61 Window= 600)
Eff Last Updated  15Jan13  219= Uset  220= Uset  Tot= Uset

