C:\RaDeCC\Data\AL557_062021\060621_grey_224Rastandard.txt
Start Time 6/6/2021  11:01:11
Runtime  CPM219   Cnt219   CPM220   Cnt220   CPMTot   CntTot
0001.00  000.000  0000000  001.000  0000001  002.000  0000002
0001.98  000.000  0000000  001.008  0000001  002.017  0000002
0002.98  000.335  0000001  001.341  0000002  004.022  0000008
0003.98  000.251  0000000  001.004  0000000  003.515  0000002
0005.00  000.200  0000000  000.800  0000000  002.800  0000000
0006.00  000.167  0000000  000.667  0000000  002.333  0000000
0007.00  000.143  0000000  000.571  0000000  002.286  0000002
0007.98  000.125  0000000  000.752  0000002  002.881  0000007
0009.00  000.111  0000000  000.667  0000000  002.778  0000002
0010.00  000.100  0000000  000.900  0000003  003.300  0000008
0011.00  000.091  0000000  000.818  0000000  003.091  0000001
0012.00  000.083  0000000  000.833  0000001  003.000  0000002
0013.02  000.077  0000000  000.768  0000000  002.843  0000001
0014.00  000.071  0000000  000.786  0000001  002.857  0000003
0015.00  000.067  0000000  000.800  0000001  002.867  0000003
0016.00  000.063  0000000  000.875  0000002  002.938  0000004
0017.00  000.118  0000001  000.882  0000001  003.059  0000005
0018.00  000.111  0000000  000.889  0000001  003.000  0000002
0019.02  000.105  0000000  000.947  0000002  003.155  0000006
0020.02  000.100  0000000  000.999  0000002  003.297  0000006
0021.02  000.095  0000000  000.999  0000001  003.331  0000004
Group 1 Stopped 6/6/2021  11:23:03
 
Count Summary
C:RaDeCC\DataRaDeCC.sum
Runtime  CPM219   Cnt219  CPM220   Cnt220  CPMTot   CntTot
0021.87  000.091  000002  000.960  000021  003.247  000071
System Number 1
(219:Delay= 0.01 Window= 5.6)(220:Delay= 5.61 Window= 600)
Eff Last Updated  15Jan13  219= Uset  220= Uset  Tot= Uset

