C:\RaDeCC\Data\AL557_062021\060621_green_224STD.txt
Start Time 6/6/2021  23:11:46
Runtime  CPM219   Cnt219   CPM220   Cnt220   CPMTot   CntTot
0001.00  000.000  0000000  000.000  0000000  003.000  0000003
0002.00  000.000  0000000  000.000  0000000  002.000  0000001
0003.00  000.000  0000000  000.000  0000000  001.333  0000000
0003.98  000.000  0000000  000.251  0000001  002.259  0000005
0005.00  000.000  0000000  000.400  0000001  002.600  0000004
0006.00  000.000  0000000  000.333  0000000  002.333  0000001
0007.00  000.000  0000000  000.286  0000000  002.429  0000003
0008.00  000.000  0000000  000.375  0000001  002.625  0000004
0009.02  000.000  0000000  000.333  0000000  002.773  0000004
0010.00  000.000  0000000  000.400  0000001  002.700  0000002
0011.00  000.000  0000000  000.545  0000002  003.000  0000006
0012.00  000.000  0000000  000.500  0000000  002.750  0000000
0013.00  000.000  0000000  000.538  0000001  002.769  0000003
0014.02  000.000  0000000  000.499  0000000  002.711  0000002
0015.02  000.000  0000000  000.533  0000001  002.664  0000002
0016.00  000.000  0000000  000.813  0000005  003.250  0000012
0017.00  000.000  0000000  000.882  0000002  003.294  0000004
0018.02  000.000  0000000  000.833  0000000  003.275  0000003
0019.02  000.000  0000000  000.841  0000001  003.365  0000005
0020.02  000.000  0000000  000.849  0000001  003.297  0000002
0021.02  000.000  0000000  000.809  0000000  003.236  0000002
0022.02  000.000  0000000  000.772  0000000  003.179  0000002
0023.02  000.000  0000000  000.825  0000002  003.259  0000005
0024.02  000.000  0000000  000.833  0000001  003.248  0000003
0025.02  000.000  0000000  000.919  0000003  003.398  0000007
0026.02  000.000  0000000  000.884  0000000  003.306  0000001
0027.02  000.000  0000000  000.888  0000001  003.257  0000002
0028.02  000.000  0000000  000.857  0000000  003.212  0000002
0029.03  000.000  0000000  000.827  0000000  003.100  0000000
0030.03  000.000  0000000  000.799  0000000  002.997  0000000
0031.02  000.000  0000000  000.838  0000002  003.063  0000005
0032.02  000.000  0000000  000.812  0000000  003.030  0000002
0033.03  000.000  0000000  000.848  0000002  003.088  0000005
0034.03  000.000  0000000  000.852  0000001  003.115  0000004
0035.03  000.000  0000000  000.971  0000005  003.311  0000010
0036.03  000.000  0000000  000.971  0000001  003.302  0000003
0037.03  000.000  0000000  000.945  0000000  003.240  0000001
0038.03  000.000  0000000  000.920  0000000  003.234  0000003
0039.03  000.000  0000000  000.897  0000000  003.202  0000002
0040.03  000.025  0000001  000.974  0000004  003.422  0000012
0041.03  000.024  0000000  000.950  0000000  003.363  0000001
0042.05  000.024  0000000  000.951  0000001  003.329  0000002
0043.03  000.023  0000000  001.046  0000005  003.555  0000013
0044.03  000.023  0000000  001.136  0000005  003.702  0000010
0045.03  000.022  0000000  001.177  0000003  003.753  0000006
0046.05  000.022  0000000  001.173  0000001  003.735  0000003
0047.05  000.021  0000000  001.148  0000000  003.698  0000002
0048.03  000.021  0000000  001.124  0000000  003.643  0000001
0049.03  000.020  0000000  001.122  0000001  003.651  0000004
0050.05  000.020  0000000  001.119  0000001  003.676  0000005
0051.05  000.020  0000000  001.156  0000003  003.741  0000007
0052.05  000.019  0000000  001.153  0000001  003.746  0000004
0053.05  000.019  0000000  001.169  0000002  003.789  0000006
0054.05  000.019  0000000  001.147  0000000  003.719  0000000
0055.05  000.018  0000000  001.144  0000001  003.688  0000002
0056.05  000.018  0000000  001.213  0000005  003.836  0000012
0057.05  000.018  0000000  001.227  0000002  003.856  0000005
0058.05  000.017  0000000  001.258  0000003  003.910  0000007
0059.05  000.017  0000000  001.270  0000002  003.912  0000004
0060.07  000.017  0000000  001.282  0000002  003.962  0000007
0061.05  000.016  0000000  001.310  0000003  004.029  0000008
0062.05  000.016  0000000  001.289  0000000  003.997  0000002
0063.05  000.016  0000000  001.269  0000000  003.949  0000001
0064.07  000.016  0000000  001.264  0000001  003.949  0000004
0065.07  000.015  0000000  001.306  0000004  003.996  0000007
0066.07  000.015  0000000  001.302  0000001  003.966  0000002
0067.05  000.015  0000000  001.283  0000000  003.952  0000003
0068.07  000.015  0000000  001.263  0000000  003.908  0000001
0069.07  000.014  0000000  001.260  0000001  003.895  0000003
0070.07  000.014  0000000  001.242  0000000  003.868  0000002
0071.07  000.014  0000000  001.224  0000000  003.827  0000001
0072.07  000.014  0000000  001.207  0000000  003.774  0000000
0073.07  000.014  0000000  001.218  0000002  003.818  0000007
0074.07  000.027  0000001  001.202  0000000  003.794  0000002
0075.07  000.027  0000000  001.186  0000000  003.743  0000000
0076.07  000.026  0000000  001.170  0000000  003.707  0000001
0077.07  000.026  0000000  001.155  0000000  003.685  0000002
0078.08  000.026  0000000  001.140  0000000  003.650  0000001
0079.08  000.025  0000000  001.125  0000000  003.629  0000002
0080.07  000.025  0000000  001.124  0000001  003.622  0000003
0081.07  000.025  0000000  001.110  0000000  003.577  0000000
0082.07  000.024  0000000  001.133  0000003  003.619  0000007
0083.08  000.024  0000000  001.155  0000003  003.659  0000007
0084.08  000.036  0000001  001.142  0000000  003.651  0000003
0085.08  000.035  0000000  001.164  0000003  003.714  0000009
0086.07  000.035  0000000  001.162  0000001  003.695  0000002
0087.08  000.034  0000000  001.160  0000001  003.686  0000003
0088.08  000.034  0000000  001.147  0000000  003.644  0000000
0089.08  000.034  0000000  001.134  0000000  003.603  0000000
0090.08  000.033  0000000  001.121  0000000  003.574  0000001
0091.10  000.033  0000000  001.131  0000002  003.600  0000006
0092.08  000.033  0000000  001.140  0000002  003.605  0000004
0093.08  000.032  0000000  001.139  0000001  003.610  0000004
0094.08  000.032  0000000  001.148  0000002  003.624  0000005
0095.08  000.032  0000000  001.146  0000001  003.618  0000003
0096.10  000.031  0000000  001.134  0000000  003.611  0000003
0097.10  000.031  0000000  001.153  0000003  003.635  0000006
0098.08  000.031  0000000  001.142  0000000  003.619  0000002
0099.08  000.030  0000000  001.140  0000001  003.613  0000003
0100.10  000.030  0000000  001.129  0000000  003.586  0000001
0101.10  000.030  0000000  001.118  0000000  003.571  0000002
0102.10  000.029  0000000  001.117  0000001  003.565  0000003
0103.10  000.029  0000000  001.125  0000002  003.589  0000006
0104.10  000.029  0000000  001.114  0000000  003.564  0000001
0105.10  000.029  0000000  001.132  0000003  003.597  0000007
0106.10  000.028  0000000  001.122  0000000  003.572  0000001
0107.10  000.028  0000000  001.111  0000000  003.548  0000001
0108.10  000.028  0000000  001.101  0000000  003.534  0000002
0109.12  000.027  0000000  001.109  0000002  003.547  0000005
0110.10  000.027  0000000  001.126  0000003  003.569  0000006
0111.10  000.027  0000000  001.116  0000000  003.555  0000002
0112.10  000.027  0000000  001.106  0000000  003.541  0000002
0113.12  000.027  0000000  001.123  0000003  003.572  0000007
0114.12  000.026  0000000  001.113  0000000  003.540  0000000
0115.10  000.026  0000000  001.103  0000000  003.510  0000000
0116.10  000.034  0000001  001.111  0000002  003.549  0000008
0117.12  000.034  0000000  001.110  0000001  003.552  0000004
0118.12  000.034  0000000  001.109  0000001  003.547  0000003
0119.12  000.034  0000000  001.100  0000000  003.518  0000000
0120.12  000.033  0000000  001.091  0000000  003.505  0000002
0121.12  000.033  0000000  001.098  0000002  003.509  0000004
0122.12  000.033  0000000  001.089  0000000  003.480  0000000
0123.12  000.032  0000000  001.088  0000001  003.476  0000003
0124.12  000.032  0000000  001.096  0000002  003.489  0000005
0125.12  000.032  0000000  001.087  0000000  003.461  0000000
0126.13  000.032  0000000  001.078  0000000  003.441  0000001
0127.13  000.031  0000000  001.070  0000000  003.437  0000003
0128.12  000.031  0000000  001.069  0000001  003.427  0000002
0129.13  000.031  0000000  001.061  0000000  003.423  0000003
0130.13  000.031  0000000  001.076  0000003  003.458  0000008
0131.12  000.031  0000000  001.068  0000000  003.455  0000003
0132.12  000.030  0000000  001.067  0000001  003.451  0000003
0133.13  000.030  0000000  001.067  0000001  003.448  0000003
0134.13  000.030  0000000  001.059  0000000  003.429  0000001
0135.13  000.030  0000000  001.058  0000001  003.419  0000002
0136.12  000.029  0000000  001.051  0000000  003.409  0000002
0137.13  000.029  0000000  001.043  0000000  003.384  0000000
0138.13  000.029  0000000  001.050  0000002  003.403  0000006
0139.13  000.029  0000000  001.049  0000001  003.400  0000003
0140.13  000.029  0000000  001.042  0000000  003.375  0000000
0141.15  000.028  0000000  001.041  0000001  003.379  0000004
0142.13  000.028  0000000  001.034  0000000  003.356  0000000
0143.13  000.028  0000000  001.041  0000002  003.367  0000005
0144.13  000.028  0000000  001.055  0000003  003.393  0000007
0145.15  000.028  0000000  001.054  0000001  003.390  0000003
0146.15  000.027  0000000  001.054  0000001  003.380  0000002
0147.15  000.027  0000000  001.074  0000004  003.418  0000009
0148.13  000.027  0000000  001.067  0000000  003.409  0000002
0149.13  000.027  0000000  001.066  0000001  003.413  0000004
0150.15  000.027  0000000  001.059  0000000  003.403  0000002
0151.15  000.026  0000000  001.052  0000000  003.387  0000001
0152.15  000.026  0000000  001.045  0000000  003.372  0000001
0153.15  000.026  0000000  001.038  0000000  003.376  0000004
0154.15  000.026  0000000  001.031  0000000  003.367  0000002
0155.15  000.026  0000000  001.025  0000000  003.358  0000002
0156.15  000.026  0000000  001.018  0000000  003.337  0000000
0157.15  000.025  0000000  001.012  0000000  003.322  0000001
0158.17  000.025  0000000  001.018  0000002  003.332  0000005
0159.15  000.025  0000000  001.018  0000001  003.336  0000004
0160.17  000.025  0000000  001.018  0000001  003.340  0000004
0161.17  000.025  0000000  001.018  0000001  003.344  0000004
0162.15  000.025  0000000  001.024  0000002  003.361  0000006
0163.15  000.025  0000000  001.030  0000002  003.377  0000006
0164.17  000.024  0000000  001.036  0000002  003.393  0000006
0165.17  000.024  0000000  001.035  0000001  003.391  0000003
0166.17  000.024  0000000  001.041  0000002  003.400  0000005
0167.17  000.024  0000000  001.035  0000000  003.398  0000003
0168.17  000.024  0000000  001.035  0000001  003.407  0000005
0169.17  000.024  0000000  001.029  0000000  003.393  0000001
0170.17  000.024  0000000  001.028  0000001  003.391  0000003
0171.17  000.023  0000000  001.022  0000000  003.371  0000000
0172.18  000.023  0000000  001.016  0000000  003.357  0000001
0173.18  000.023  0000000  001.016  0000001  003.355  0000003
0174.17  000.023  0000000  001.011  0000000  003.347  0000002
0175.17  000.023  0000000  001.005  0000000  003.334  0000001
0176.17  000.023  0000000  001.027  0000005  003.377  0000011
0177.18  000.023  0000000  001.022  0000000  003.364  0000001
0178.18  000.022  0000000  001.027  0000002  003.379  0000006
0179.18  000.022  0000000  001.032  0000002  003.393  0000006
0180.17  000.022  0000000  001.032  0000001  003.391  0000003
0181.18  000.022  0000000  001.032  0000001  003.400  0000005
0182.18  000.022  0000000  001.043  0000003  003.420  0000007
0183.18  000.022  0000000  001.048  0000002  003.423  0000004
0184.18  000.022  0000000  001.042  0000000  003.410  0000001
0185.20  000.022  0000000  001.042  0000001  003.413  0000004
0186.18  000.021  0000000  001.042  0000001  003.411  0000003
0187.18  000.021  0000000  001.047  0000002  003.430  0000007
0188.18  000.027  0000001  001.047  0000001  003.438  0000005
0189.18  000.026  0000000  001.047  0000001  003.441  0000004
0190.20  000.026  0000000  001.041  0000000  003.428  0000001
0191.20  000.026  0000000  001.041  0000001  003.421  0000002
0192.18  000.026  0000000  001.046  0000002  003.424  0000004
0193.18  000.026  0000000  001.046  0000001  003.427  0000004
0194.20  000.026  0000000  001.040  0000000  003.409  0000000
0195.20  000.026  0000000  001.035  0000000  003.391  0000000
0196.20  000.025  0000000  001.035  0000001  003.389  0000003
0197.20  000.025  0000000  001.029  0000000  003.377  0000001
0198.20  000.025  0000000  001.029  0000001  003.375  0000003
0199.20  000.025  0000000  001.029  0000001  003.379  0000004
0200.20  000.025  0000000  001.024  0000000  003.362  0000000
0201.20  000.025  0000000  001.034  0000003  003.380  0000007
0202.20  000.025  0000000  001.039  0000002  003.383  0000004
0203.20  000.025  0000000  001.038  0000001  003.386  0000004
0204.22  000.024  0000000  001.033  0000000  003.379  0000002
0205.20  000.024  0000000  001.038  0000002  003.392  0000006
0206.20  000.024  0000000  001.043  0000002  003.400  0000005
0207.20  000.024  0000000  001.047  0000002  003.407  0000005
0208.22  000.024  0000000  001.047  0000001  003.410  0000004
0209.22  000.024  0000000  001.047  0000001  003.403  0000002
0210.22  000.024  0000000  001.047  0000001  003.396  0000002
0211.20  000.024  0000000  001.051  0000002  003.404  0000005
0212.22  000.024  0000000  001.046  0000000  003.416  0000006
0213.22  000.023  0000000  001.051  0000002  003.419  0000004
0214.22  000.023  0000000  001.055  0000002  003.422  0000004
0215.22  000.023  0000000  001.050  0000000  003.415  0000002
0216.22  000.023  0000000  001.050  0000001  003.409  0000002
0217.22  000.023  0000000  001.045  0000000  003.407  0000003
0218.22  000.023  0000000  001.049  0000002  003.414  0000005
0219.22  000.023  0000000  001.049  0000001  003.421  0000005
0220.22  000.023  0000000  001.049  0000001  003.415  0000002
0221.22  000.023  0000000  001.049  0000001  003.408  0000002
0222.22  000.023  0000000  001.049  0000001  003.402  0000002
0223.23  000.022  0000000  001.053  0000002  003.409  0000005
0224.23  000.022  0000000  001.052  0000001  003.407  0000003
0225.22  000.022  0000000  001.048  0000000  003.401  0000002
0226.22  000.022  0000000  001.048  0000001  003.399  0000003
0227.22  000.022  0000000  001.043  0000000  003.393  0000002
0228.23  000.022  0000000  001.043  0000001  003.391  0000003
0229.23  000.022  0000000  001.038  0000000  003.376  0000000
0230.23  000.022  0000000  001.038  0000001  003.379  0000004
0231.22  000.022  0000000  001.038  0000001  003.382  0000004
0232.23  000.022  0000000  001.038  0000001  003.385  0000004
0233.23  000.021  0000000  001.033  0000000  003.374  0000001
0234.23  000.021  0000000  001.033  0000001  003.368  0000002
0235.23  000.021  0000000  001.037  0000002  003.375  0000005
0236.25  000.021  0000000  001.033  0000000  003.361  0000000
0237.23  000.021  0000000  001.033  0000001  003.360  0000003
0238.23  000.021  0000000  001.033  0000001  003.366  0000005
0239.23  000.021  0000000  001.032  0000001  003.365  0000003
0240.23  000.021  0000000  001.041  0000003  003.372  0000005
0241.25  000.021  0000000  001.049  0000003  003.387  0000007
0242.25  000.021  0000000  001.044  0000000  003.377  0000001
0243.23  000.021  0000000  001.048  0000002  003.379  0000004
0244.23  000.020  0000000  001.044  0000000  003.366  0000000
0245.25  000.020  0000000  001.040  0000000  003.352  0000000
0246.25  000.020  0000000  001.040  0000001  003.350  0000003
0247.25  000.020  0000000  001.039  0000001  003.353  0000004
0248.25  000.020  0000000  001.035  0000000  003.339  0000000
0249.25  000.020  0000000  001.047  0000004  003.362  0000009
0250.25  000.020  0000000  001.047  0000001  003.365  0000004
0251.25  000.020  0000000  001.047  0000001  003.367  0000004
0252.25  000.020  0000000  001.043  0000000  003.354  0000000
0253.25  000.020  0000000  001.038  0000000  003.341  0000000
0254.27  000.020  0000000  001.038  0000001  003.335  0000002
0255.25  000.020  0000000  001.038  0000001  003.342  0000005
0256.25  000.020  0000000  001.038  0000001  003.340  0000003
0257.25  000.019  0000000  001.038  0000001  003.347  0000005
0258.27  000.019  0000000  001.038  0000001  003.353  0000005
0259.27  000.019  0000000  001.034  0000000  003.348  0000002
0260.27  000.019  0000000  001.030  0000000  003.339  0000001
0261.25  000.019  0000000  001.030  0000001  003.338  0000003
0262.27  000.019  0000000  001.026  0000000  003.325  0000000
0263.27  000.019  0000000  001.033  0000003  003.343  0000008
0264.27  000.019  0000000  001.029  0000000  003.334  0000001
0265.27  000.019  0000000  001.029  0000001  003.332  0000003
0266.25  000.019  0000000  001.025  0000000  003.324  0000001
0267.27  000.019  0000000  001.025  0000001  003.319  0000002
0268.27  000.019  0000000  001.021  0000000  003.314  0000002
0269.27  000.019  0000000  001.025  0000002  003.316  0000004
0270.27  000.019  0000000  001.025  0000001  003.323  0000005
0271.28  000.018  0000000  001.021  0000000  003.321  0000003
0272.27  000.018  0000000  001.021  0000001  003.320  0000003
0273.27  000.018  0000000  001.028  0000003  003.341  0000009
0274.27  000.018  0000000  001.025  0000000  003.333  0000001
0275.28  000.018  0000000  001.028  0000002  003.342  0000006
0276.28  000.018  0000000  001.024  0000000  003.337  0000002
0277.28  000.018  0000000  001.031  0000003  003.350  0000007
0278.27  000.018  0000000  001.031  0000001  003.349  0000003
0279.27  000.018  0000000  001.035  0000002  003.355  0000005
0280.28  000.018  0000000  001.035  0000001  003.354  0000003
0281.28  000.018  0000000  001.031  0000000  003.345  0000001
0282.28  000.018  0000000  001.031  0000001  003.348  0000004
0283.28  000.018  0000000  001.031  0000001  003.354  0000005
0284.28  000.018  0000000  001.031  0000001  003.352  0000003
0285.28  000.018  0000000  001.031  0000001  003.351  0000003
0286.28  000.017  0000000  001.027  0000000  003.339  0000000
0287.28  000.017  0000000  001.030  0000002  003.352  0000007
0288.30  000.017  0000000  001.027  0000000  003.344  0000001
0289.30  000.017  0000000  001.023  0000000  003.343  0000003
0290.28  000.017  0000000  001.023  0000001  003.345  0000004
0291.28  000.017  0000000  001.026  0000002  003.351  0000005
0292.28  000.017  0000000  001.023  0000000  003.346  0000002
0293.30  000.017  0000000  001.019  0000000  003.345  0000003
0294.30  000.017  0000000  001.016  0000000  003.340  0000002
0295.30  000.017  0000000  001.016  0000001  003.339  0000003
0296.28  000.017  0000000  001.013  0000000  003.331  0000001
0297.30  000.017  0000000  001.016  0000002  003.333  0000004
0298.30  000.017  0000000  001.016  0000001  003.332  0000003
0299.30  000.017  0000000  001.012  0000000  003.334  0000004
0300.30  000.017  0000000  001.012  0000001  003.333  0000003
0301.32  000.017  0000000  001.009  0000000  003.332  0000003
0302.30  000.017  0000000  001.009  0000001  003.328  0000002
0303.30  000.016  0000000  001.009  0000001  003.327  0000003
0304.30  000.016  0000000  001.009  0000001  003.332  0000005
0305.30  000.016  0000000  001.012  0000002  003.338  0000005
0306.32  000.016  0000000  001.015  0000002  003.343  0000005
0307.32  000.016  0000000  001.018  0000002  003.348  0000005
0308.30  000.016  0000000  001.022  0000002  003.351  0000004
0309.30  000.016  0000000  001.022  0000001  003.362  0000007
0310.32  000.016  0000000  001.022  0000001  003.361  0000003
0311.32  000.016  0000000  001.021  0000001  003.360  0000003
0312.32  000.016  0000000  001.021  0000001  003.365  0000005
0313.32  000.016  0000000  001.018  0000000  003.361  0000002
0314.30  000.016  0000000  001.015  0000000  003.353  0000001
0315.32  000.016  0000000  001.012  0000000  003.346  0000001
0316.32  000.016  0000000  001.008  0000000  003.345  0000003
0317.32  000.016  0000000  001.005  0000000  003.341  0000002
0318.32  000.016  0000000  001.005  0000001  003.336  0000002
0319.33  000.016  0000000  001.002  0000000  003.326  0000000
0320.32  000.016  0000000  000.999  0000000  003.319  0000001
Group 4 Stopped 6/7/2021  04:33:00
 
Count Summary
C:RaDeCC\DataRaDeCC.sum
Runtime  CPM219   Cnt219  CPM220   Cnt220  CPMTot   CntTot
0321.23  000.016  000005  000.996  000320  003.312  001064
System Number 4
(219:Delay= 0.01 Window= 5.6)(220:Delay= 5.61 Window= 600)
Eff Last Updated  15Jan13  219= Uset  220= Uset  Tot= Uset

