C:\RaDeCC\Data\AL557_062021\060621_blue_224STD_blank.txt
Start Time 6/6/2021  19:56:01
Runtime  CPM219   Cnt219   CPM220   Cnt220   CPMTot   CntTot
0001.00  000.000  0000000  000.000  0000000  000.000  0000000
0002.00  000.000  0000000  000.000  0000000  000.000  0000000
0003.02  000.000  0000000  000.000  0000000  000.663  0000002
0004.00  000.000  0000000  000.000  0000000  000.500  0000000
0005.00  000.000  0000000  000.000  0000000  000.400  0000000
0006.00  000.000  0000000  000.000  0000000  000.333  0000000
0007.00  000.000  0000000  000.000  0000000  000.429  0000001
0008.02  000.000  0000000  000.000  0000000  000.499  0000001
0009.02  000.000  0000000  000.000  0000000  000.555  0000001
0010.00  000.000  0000000  000.000  0000000  000.600  0000001
0011.00  000.000  0000000  000.000  0000000  000.545  0000000
0012.02  000.000  0000000  000.000  0000000  000.499  0000000
0013.02  000.000  0000000  000.000  0000000  000.461  0000000
Group 3 Stopped 6/6/2021  20:09:08
 
Count Summary
C:RaDeCC\DataRaDeCC.sum
Runtime  CPM219   Cnt219  CPM220   Cnt220  CPMTot   CntTot
0013.12  000.000  000000  000.000  000000  000.534  000007
System Number 3
(219:Delay= 0.01 Window= 5.6)(220:Delay= 5.61 Window= 600)
Eff Last Updated  15Jan13  219= Uset  220= Uset  Tot= Uset

