C:\RaDeCC\Data\AL557_062021\060621_blue_224STD.txt
Start Time 6/6/2021  20:20:26
Runtime  CPM219   Cnt219   CPM220   Cnt220   CPMTot   CntTot
0000.98  000.000  0000000  002.034  0000002  005.085  0000005
0001.98  000.000  0000000  001.513  0000001  003.529  0000002
0002.98  000.000  0000000  002.346  0000004  004.693  0000007
0004.00  000.000  0000000  001.750  0000000  003.750  0000001
0005.00  000.000  0000000  001.400  0000000  003.000  0000000
0005.98  000.000  0000000  001.170  0000000  002.507  0000000
0006.98  000.000  0000000  001.146  0000001  002.434  0000002
0008.00  000.000  0000000  001.125  0000001  002.375  0000002
0009.00  000.000  0000000  001.000  0000000  002.222  0000001
0010.00  000.000  0000000  000.900  0000000  002.000  0000000
0011.00  000.000  0000000  000.818  0000000  001.909  0000001
0011.98  000.000  0000000  000.834  0000001  002.003  0000003
0013.00  000.000  0000000  000.769  0000000  001.923  0000001
0014.00  000.000  0000000  000.786  0000001  002.000  0000003
0015.00  000.000  0000000  000.800  0000001  002.000  0000002
0016.00  000.000  0000000  000.750  0000000  001.938  0000001
0017.00  000.000  0000000  000.706  0000000  001.882  0000001
0018.02  000.000  0000000  000.666  0000000  001.776  0000000
0019.02  000.000  0000000  000.631  0000000  001.735  0000001
0020.00  000.000  0000000  000.650  0000001  001.800  0000003
0021.00  000.000  0000000  000.667  0000001  001.810  0000002
0022.00  000.000  0000000  000.636  0000000  001.773  0000001
0023.02  000.000  0000000  000.608  0000000  001.781  0000002
0024.02  000.000  0000000  000.666  0000002  002.040  0000008
0025.02  000.000  0000000  000.640  0000000  001.959  0000000
0026.00  000.000  0000000  000.654  0000001  001.962  0000002
0027.02  000.000  0000000  000.703  0000002  002.073  0000005
0028.02  000.000  0000000  000.750  0000002  002.142  0000004
0029.02  000.000  0000000  000.724  0000000  002.137  0000002
0030.02  000.000  0000000  000.700  0000000  002.099  0000001
0031.00  000.000  0000000  000.710  0000001  002.097  0000002
0032.02  000.000  0000000  000.718  0000001  002.093  0000002
0033.02  000.000  0000000  000.727  0000001  002.090  0000002
0034.02  000.000  0000000  000.764  0000002  002.175  0000005
0035.02  000.000  0000000  000.828  0000003  002.285  0000006
0036.03  000.000  0000000  000.860  0000002  002.359  0000005
0037.02  000.000  0000000  000.864  0000001  002.404  0000004
0038.02  000.000  0000000  000.947  0000004  002.525  0000007
0039.02  000.000  0000000  000.948  0000001  002.512  0000002
0040.03  000.000  0000000  000.924  0000000  002.473  0000001
0041.03  000.000  0000000  000.926  0000001  002.486  0000003
0042.03  000.000  0000000  000.904  0000000  002.450  0000001
0043.02  000.000  0000000  000.930  0000002  002.487  0000004
0044.02  000.000  0000000  000.977  0000003  002.635  0000009
0045.03  000.000  0000000  000.977  0000001  002.620  0000002
0046.03  000.000  0000000  000.956  0000000  002.607  0000002
0047.03  000.000  0000000  000.957  0000001  002.615  0000003
0048.03  000.000  0000000  000.978  0000002  002.644  0000004
0049.03  000.000  0000000  000.959  0000000  002.610  0000001
0050.05  000.000  0000000  000.979  0000002  002.657  0000005
0051.03  000.000  0000000  000.980  0000001  002.645  0000002
0052.03  000.000  0000000  000.980  0000001  002.633  0000002
0053.03  000.000  0000000  000.981  0000001  002.621  0000002
0054.05  000.000  0000000  000.999  0000002  002.646  0000004
0055.05  000.000  0000000  000.999  0000001  002.634  0000002
0056.05  000.000  0000000  001.017  0000002  002.676  0000005
0057.03  000.000  0000000  001.017  0000001  002.700  0000004
0058.03  000.000  0000000  001.034  0000002  002.723  0000004
0059.05  000.000  0000000  001.016  0000000  002.710  0000002
0060.05  000.000  0000000  001.016  0000001  002.714  0000003
0061.05  000.016  0000001  000.999  0000000  002.719  0000003
0062.03  000.016  0000000  000.983  0000000  002.692  0000001
0063.05  000.016  0000000  000.983  0000001  002.696  0000003
0064.05  000.016  0000000  000.968  0000000  002.654  0000000
0065.05  000.031  0000001  000.953  0000000  002.644  0000002
0066.05  000.030  0000000  000.939  0000000  002.604  0000000
0067.05  000.030  0000000  000.955  0000002  002.625  0000004
0068.07  000.029  0000000  000.955  0000001  002.630  0000003
0069.05  000.029  0000000  000.956  0000001  002.650  0000004
0070.05  000.029  0000000  000.971  0000002  002.655  0000003
0071.05  000.028  0000000  000.985  0000002  002.702  0000006
0072.07  000.028  0000000  000.971  0000000  002.664  0000000
0073.07  000.027  0000000  000.999  0000003  002.724  0000007
0074.07  000.027  0000000  000.986  0000000  002.687  0000000
0075.05  000.040  0000001  000.973  0000000  002.705  0000004
0076.07  000.039  0000000  000.960  0000000  002.669  0000000
0077.07  000.039  0000000  000.960  0000001  002.660  0000002
0078.07  000.038  0000000  000.948  0000000  002.639  0000001
0079.07  000.038  0000000  000.961  0000002  002.669  0000005
0080.07  000.037  0000000  000.962  0000001  002.673  0000003
0081.07  000.037  0000000  000.950  0000000  002.652  0000001
0082.07  000.037  0000000  000.963  0000002  002.669  0000004
0083.07  000.036  0000000  000.975  0000002  002.685  0000004
0084.08  000.036  0000000  000.963  0000000  002.676  0000002
0085.07  000.035  0000000  000.952  0000000  002.645  0000000
0086.07  000.035  0000000  000.941  0000000  002.614  0000000
0087.07  000.034  0000000  000.942  0000001  002.619  0000003
0088.08  000.034  0000000  000.931  0000000  002.588  0000000
0089.08  000.034  0000000  000.943  0000002  002.604  0000004
0090.07  000.033  0000000  000.944  0000001  002.598  0000002
0091.07  000.044  0000001  000.944  0000001  002.624  0000005
0092.08  000.043  0000000  000.934  0000000  002.606  0000001
0093.08  000.043  0000000  000.956  0000003  002.675  0000009
0094.08  000.043  0000000  000.988  0000004  002.732  0000008
0095.08  000.042  0000000  000.978  0000000  002.703  0000000
0096.07  000.042  0000000  000.989  0000002  002.717  0000004
0097.08  000.041  0000000  000.989  0000001  002.719  0000003
0098.08  000.041  0000000  000.989  0000001  002.712  0000002
0099.08  000.040  0000000  000.989  0000001  002.715  0000003
0100.08  000.040  0000000  000.979  0000000  002.698  0000001
0101.08  000.040  0000000  000.969  0000000  002.671  0000000
0102.08  000.039  0000000  000.970  0000001  002.664  0000002
0103.10  000.039  0000000  000.960  0000000  002.638  0000000
0104.10  000.038  0000000  000.951  0000000  002.622  0000001
0105.08  000.038  0000000  000.952  0000001  002.617  0000002
0106.10  000.038  0000000  000.961  0000002  002.630  0000004
0107.08  000.037  0000000  000.971  0000002  002.652  0000005
0108.10  000.037  0000000  000.962  0000000  002.636  0000001
0109.10  000.037  0000000  000.953  0000000  002.612  0000000
0110.10  000.036  0000000  000.954  0000001  002.616  0000003
0111.08  000.036  0000000  000.963  0000002  002.656  0000007
0112.10  000.036  0000000  000.955  0000000  002.632  0000000
0113.10  000.035  0000000  000.946  0000000  002.608  0000000
0114.10  000.035  0000000  000.947  0000001  002.603  0000002
0115.10  000.035  0000000  000.947  0000001  002.598  0000002
0116.10  000.034  0000000  000.939  0000000  002.575  0000000
0117.10  000.034  0000000  000.939  0000001  002.579  0000003
0118.10  000.034  0000000  000.957  0000003  002.608  0000006
0119.10  000.034  0000000  000.949  0000000  002.586  0000000
Group 3 Stopped 6/6/2021  22:19:47
 
Count Summary
C:RaDeCC\DataRaDeCC.sum
Runtime  CPM219   Cnt219  CPM220   Cnt220  CPMTot   CntTot
0119.35  000.034  000004  000.947  000113  002.581  000308
System Number 3
(219:Delay= 0.01 Window= 5.6)(220:Delay= 5.61 Window= 600)
Eff Last Updated  15Jan13  219= Uset  220= Uset  Tot= Uset

