C:\RaDeCC\Data\AL557_062021\06102021_orange_Std223Ra.txt
Start Time 10/6/2021  10:24:12
Runtime  CPM219   Cnt219   CPM220   Cnt220   CPMTot   CntTot
0001.00  003.000  0000003  001.000  0000001  007.000  0000007
0001.98  001.513  0000000  000.504  0000000  004.034  0000001
0002.98  001.341  0000001  000.335  0000000  003.352  0000002
0003.98  001.004  0000000  000.502  0000001  003.013  0000002
0005.00  001.000  0000001  000.400  0000000  003.000  0000003
0006.00  001.000  0000001  000.500  0000001  003.167  0000004
0007.00  001.143  0000002  000.429  0000000  003.429  0000005
0007.98  001.253  0000002  000.376  0000000  003.758  0000006
0009.00  001.333  0000002  000.333  0000000  003.778  0000004
0010.00  001.300  0000001  000.400  0000001  004.000  0000006
0011.00  001.182  0000000  000.364  0000000  003.727  0000001
0012.00  001.083  0000000  000.333  0000000  003.583  0000002
0013.00  001.154  0000002  000.308  0000000  003.846  0000007
0014.00  001.143  0000001  000.286  0000000  003.786  0000003
0015.00  001.067  0000000  000.333  0000001  003.867  0000005
0016.02  001.186  0000003  000.312  0000000  003.996  0000006
0017.00  001.235  0000002  000.294  0000000  004.059  0000005
0018.00  001.167  0000000  000.278  0000000  003.833  0000000
0019.00  001.105  0000000  000.263  0000000  003.632  0000000
0020.02  001.149  0000002  000.250  0000000  003.697  0000005
0021.02  001.094  0000000  000.238  0000000  003.616  0000002
0022.00  001.091  0000001  000.227  0000000  003.636  0000004
0023.00  001.261  0000005  000.304  0000002  004.130  0000015
0024.02  001.291  0000002  000.291  0000000  004.205  0000006
0025.02  001.279  0000001  000.320  0000001  004.277  0000006
0026.02  001.268  0000001  000.307  0000000  004.343  0000006
0027.02  001.370  0000004  000.333  0000001  004.590  0000011
0028.00  001.429  0000003  000.321  0000000  004.679  0000007
0029.02  001.379  0000000  000.310  0000000  004.515  0000000
0030.02  001.366  0000001  000.300  0000000  004.464  0000003
0031.02  001.419  0000003  000.290  0000000  004.514  0000006
0032.02  001.374  0000000  000.281  0000000  004.404  0000001
0033.03  001.483  0000005  000.272  0000000  004.632  0000012
0034.02  001.470  0000001  000.265  0000000  004.615  0000004
0035.02  001.428  0000000  000.257  0000000  004.541  0000002
0036.02  001.472  0000003  000.250  0000000  004.609  0000007
0037.03  001.485  0000002  000.243  0000000  004.644  0000006
0038.03  001.499  0000002  000.237  0000000  004.785  0000010
0039.03  001.512  0000002  000.256  0000001  004.842  0000007
0040.03  001.574  0000004  000.300  0000002  004.971  0000010
0041.03  001.633  0000004  000.292  0000000  005.069  0000009
0042.03  001.618  0000001  000.285  0000000  005.067  0000005
0043.02  001.604  0000001  000.325  0000002  005.114  0000007
0044.03  001.567  0000000  000.318  0000000  004.996  0000000
0045.03  001.532  0000000  000.333  0000001  004.930  0000002
0046.03  001.521  0000001  000.369  0000002  004.996  0000008
0047.03  001.488  0000000  000.383  0000001  005.039  0000007
0048.05  001.478  0000001  000.416  0000002  005.078  0000007
0049.03  001.448  0000000  000.408  0000000  004.976  0000000
0050.03  001.459  0000002  000.400  0000000  004.997  0000006
0051.03  001.430  0000000  000.392  0000000  004.938  0000002
0052.05  001.402  0000000  000.384  0000000  004.938  0000005
0053.05  001.414  0000002  000.415  0000002  005.014  0000009
0054.03  001.425  0000002  000.407  0000000  005.052  0000007
0055.03  001.417  0000001  000.400  0000000  005.033  0000004
0056.03  001.481  0000005  000.393  0000000  005.140  0000011
0057.05  001.543  0000005  000.473  0000005  005.276  0000013
0058.05  001.533  0000001  000.465  0000000  005.254  0000004
0059.05  001.507  0000000  000.474  0000001  005.216  0000003
0060.03  001.516  0000002  000.466  0000000  005.247  0000007
0061.05  001.507  0000001  000.459  0000000  005.242  0000005
0062.05  001.515  0000002  000.451  0000000  005.238  0000005
0063.05  001.523  0000002  000.444  0000000  005.250  0000006
0064.05  001.514  0000001  000.468  0000002  005.262  0000006
0065.07  001.522  0000002  000.461  0000000  005.333  0000010
0066.05  001.499  0000000  000.454  0000000  005.269  0000001
0067.05  001.521  0000003  000.462  0000001  005.324  0000009
0068.05  001.543  0000003  000.456  0000000  005.408  0000011
0069.05  001.550  0000002  000.449  0000000  005.416  0000006
0070.07  001.541  0000001  000.457  0000001  005.395  0000004
0071.07  001.548  0000002  000.450  0000000  005.403  0000006
0072.05  001.554  0000002  000.444  0000000  005.399  0000005
0073.05  001.602  0000005  000.438  0000000  005.476  0000011
0074.07  001.607  0000002  000.432  0000000  005.495  0000007
0075.05  001.599  0000001  000.440  0000001  005.490  0000005
0076.07  001.604  0000002  000.434  0000000  005.469  0000004
0077.07  001.596  0000001  000.441  0000001  005.515  0000009
0078.07  001.576  0000000  000.436  0000000  005.482  0000003
0079.07  001.581  0000002  000.430  0000000  005.489  0000006
0080.08  001.586  0000002  000.425  0000000  005.482  0000005
0081.07  001.567  0000000  000.419  0000000  005.452  0000003
0082.07  001.560  0000001  000.426  0000001  005.447  0000005
0083.07  001.565  0000002  000.433  0000001  005.478  0000008
0084.07  001.546  0000000  000.428  0000000  005.436  0000002
0085.08  001.540  0000001  000.435  0000001  005.453  0000007
0086.08  001.533  0000001  000.430  0000000  005.437  0000004
0087.07  001.516  0000000  000.436  0000001  005.421  0000004
0088.07  001.522  0000002  000.443  0000001  005.450  0000008
0089.08  001.527  0000002  000.438  0000000  005.433  0000004
0090.08  001.543  0000003  000.433  0000000  005.451  0000007
0091.08  001.537  0000001  000.428  0000000  005.424  0000003
0092.07  001.553  0000003  000.424  0000000  005.474  0000010
0093.08  001.547  0000001  000.419  0000000  005.468  0000005
0094.08  001.541  0000001  000.415  0000000  005.431  0000002
0095.08  001.535  0000001  000.421  0000001  005.437  0000006
0096.08  001.520  0000000  000.416  0000000  005.391  0000001
0097.08  001.514  0000001  000.412  0000000  005.387  0000005
0098.08  001.519  0000002  000.428  0000002  005.414  0000008
0099.08  001.514  0000001  000.434  0000001  005.399  0000004
0100.08  001.539  0000004  000.440  0000001  005.465  0000012
0101.08  001.523  0000000  000.435  0000000  005.451  0000004
0102.10  001.518  0000001  000.451  0000002  005.465  0000007
0103.10  001.532  0000003  000.446  0000000  005.509  0000010
0104.08  001.528  0000001  000.442  0000000  005.496  0000004
0105.08  001.523  0000001  000.438  0000000  005.472  0000003
0106.08  001.518  0000001  000.434  0000000  005.458  0000004
0107.10  001.513  0000001  000.430  0000000  005.444  0000004
0108.10  001.499  0000000  000.426  0000000  005.402  0000001
0109.10  001.485  0000000  000.431  0000001  005.371  0000002
0110.08  001.499  0000003  000.427  0000000  005.396  0000008
0111.10  001.503  0000002  000.441  0000002  005.410  0000007
0112.10  001.517  0000003  000.437  0000000  005.433  0000008
0113.10  001.512  0000001  000.442  0000001  005.438  0000006
0114.10  001.499  0000000  000.438  0000000  005.416  0000003
0115.12  001.494  0000001  000.434  0000000  005.412  0000005
0116.10  001.490  0000001  000.439  0000001  005.418  0000006
0117.10  001.477  0000000  000.444  0000001  005.397  0000003
0118.10  001.482  0000002  000.440  0000000  005.394  0000005
0119.10  001.503  0000004  000.437  0000000  005.441  0000011
0120.12  001.490  0000000  000.433  0000000  005.420  0000003
0121.12  001.486  0000001  000.446  0000002  005.433  0000007
0122.10  001.482  0000001  000.450  0000001  005.446  0000007
0123.10  001.478  0000001  000.447  0000000  005.443  0000005
0124.12  001.466  0000000  000.443  0000000  005.422  0000003
0125.12  001.463  0000001  000.440  0000000  005.411  0000004
0126.12  001.459  0000001  000.436  0000000  005.400  0000004
0127.12  001.463  0000002  000.464  0000004  005.404  0000006
0128.12  001.452  0000000  000.461  0000000  005.401  0000005
0129.12  001.441  0000000  000.457  0000000  005.383  0000003
0130.12  001.445  0000002  000.453  0000000  005.372  0000004
0131.12  001.441  0000001  000.450  0000000  005.362  0000004
0132.12  001.431  0000000  000.447  0000000  005.336  0000002
0133.13  001.427  0000001  000.443  0000000  005.325  0000004
0134.12  001.424  0000001  000.440  0000000  005.316  0000004
0135.12  001.436  0000003  000.437  0000000  005.321  0000006
0136.12  001.425  0000000  000.433  0000000  005.304  0000003
0137.13  001.415  0000000  000.430  0000000  005.316  0000007
0138.13  001.412  0000001  000.434  0000001  005.306  0000004
0139.13  001.416  0000002  000.431  0000000  005.304  0000005
0140.12  001.420  0000002  000.428  0000000  005.310  0000006
0141.13  001.438  0000004  000.439  0000002  005.350  0000011
0142.13  001.449  0000003  000.443  0000001  005.389  0000011
0143.13  001.446  0000001  000.440  0000000  005.366  0000002
0144.13  001.457  0000003  000.437  0000000  005.377  0000007
0145.12  001.482  0000005  000.441  0000001  005.444  0000015
0146.13  001.478  0000001  000.438  0000000  005.433  0000004
0147.13  001.488  0000003  000.435  0000000  005.464  0000010
0148.13  001.478  0000000  000.432  0000000  005.455  0000004
0149.13  001.489  0000003  000.429  0000000  005.472  0000008
0150.15  001.499  0000003  000.433  0000001  005.495  0000009
0151.13  001.495  0000001  000.430  0000000  005.498  0000006
0152.13  001.492  0000001  000.427  0000000  005.521  0000009
0153.13  001.495  0000002  000.424  0000000  005.538  0000008
0154.15  001.499  0000002  000.422  0000000  005.540  0000006
0155.15  001.502  0000002  000.419  0000000  005.549  0000007
0156.15  001.505  0000002  000.423  0000001  005.565  0000008
0157.13  001.515  0000003  000.420  0000000  005.581  0000008
0158.13  001.511  0000001  000.424  0000001  005.584  0000006
0159.15  001.514  0000002  000.421  0000000  005.586  0000006
0160.15  001.517  0000002  000.425  0000001  005.601  0000008
0161.15  001.514  0000001  000.422  0000000  005.597  0000005
0162.15  001.523  0000003  000.426  0000001  005.618  0000009
0163.15  001.514  0000000  000.423  0000000  005.608  0000004
0164.15  001.517  0000002  000.420  0000000  005.605  0000005
0165.15  001.514  0000001  000.424  0000001  005.619  0000008
0166.15  001.505  0000000  000.421  0000000  005.609  0000004
0167.17  001.501  0000001  000.419  0000000  005.593  0000003
0168.17  001.522  0000005  000.422  0000001  005.643  0000014
0169.15  001.519  0000001  000.420  0000000  005.646  0000006
0170.15  001.522  0000002  000.417  0000000  005.648  0000006
0171.15  001.525  0000002  000.415  0000000  005.638  0000004
0172.17  001.516  0000000  000.418  0000001  005.628  0000004
0173.17  001.513  0000001  000.422  0000001  005.642  0000008
0174.17  001.504  0000000  000.419  0000000  005.615  0000001
0175.15  001.524  0000005  000.417  0000000  005.652  0000012
0176.17  001.527  0000002  000.414  0000000  005.654  0000006
0177.17  001.530  0000002  000.412  0000000  005.656  0000006
0178.17  001.527  0000001  000.410  0000000  005.652  0000005
0179.17  001.524  0000001  000.407  0000000  005.637  0000003
0180.18  001.515  0000000  000.405  0000000  005.611  0000001
0181.17  001.507  0000000  000.408  0000001  005.603  0000004
0182.17  001.515  0000003  000.412  0000001  005.621  0000009
0183.17  001.512  0000001  000.409  0000000  005.607  0000003
0184.17  001.526  0000004  000.413  0000001  005.642  0000012
0185.18  001.544  0000005  000.410  0000000  005.670  0000011
0186.18  001.547  0000002  000.408  0000000  005.683  0000008
0187.17  001.544  0000001  000.417  0000002  005.701  0000009
0188.17  001.541  0000001  000.415  0000000  005.702  0000006
0189.18  001.543  0000002  000.412  0000000  005.709  0000007
0190.18  001.546  0000002  000.410  0000000  005.716  0000007
0191.18  001.548  0000002  000.408  0000000  005.712  0000005
0192.18  001.561  0000004  000.406  0000000  005.734  0000010
0193.18  001.563  0000002  000.404  0000000  005.735  0000006
0194.18  001.555  0000000  000.402  0000000  005.721  0000003
0195.18  001.552  0000001  000.400  0000000  005.713  0000004
0196.18  001.544  0000000  000.398  0000000  005.704  0000004
0197.18  001.542  0000001  000.401  0000001  005.715  0000008
0198.18  001.544  0000002  000.399  0000000  005.727  0000008
0199.18  001.536  0000000  000.397  0000000  005.698  0000000
0200.18  001.539  0000002  000.395  0000000  005.700  0000006
0201.18  001.541  0000002  000.393  0000000  005.696  0000005
0202.20  001.548  0000003  000.396  0000001  005.727  0000012
0203.20  001.540  0000000  000.394  0000000  005.719  0000004
0204.18  001.538  0000001  000.392  0000000  005.715  0000005
0205.18  001.530  0000000  000.390  0000000  005.727  0000008
0206.20  001.532  0000002  000.388  0000000  005.732  0000007
0207.20  001.530  0000001  000.386  0000000  005.734  0000006
0208.20  001.537  0000003  000.384  0000000  005.754  0000010
0209.20  001.530  0000000  000.387  0000001  005.765  0000008
0210.18  001.546  0000005  000.390  0000001  005.809  0000015
0211.20  001.553  0000003  000.407  0000004  005.829  0000010
0212.20  001.555  0000002  000.405  0000000  005.829  0000006
0213.20  001.557  0000002  000.403  0000000  005.830  0000006
0214.20  001.564  0000003  000.401  0000000  005.854  0000011
0215.22  001.557  0000000  000.400  0000000  005.850  0000005
0216.20  001.563  0000003  000.398  0000000  005.860  0000008
0217.20  001.561  0000001  000.396  0000000  005.843  0000002
0218.20  001.558  0000001  000.394  0000000  005.830  0000003
0219.22  001.565  0000003  000.392  0000000  005.834  0000007
0220.22  001.580  0000005  000.400  0000002  005.890  0000018
0221.22  001.587  0000003  000.398  0000000  005.908  0000010
0222.20  001.584  0000001  000.396  0000000  005.896  0000003
0223.20  001.586  0000002  000.399  0000001  005.909  0000009
0224.22  001.588  0000002  000.401  0000001  005.927  0000010
0225.22  001.590  0000002  000.400  0000000  005.923  0000005
0226.22  001.587  0000001  000.398  0000000  005.924  0000006
0227.22  001.584  0000001  000.396  0000000  005.911  0000003
0228.22  001.582  0000001  000.394  0000000  005.915  0000007
0229.22  001.592  0000004  000.393  0000000  005.938  0000011
0230.22  001.598  0000003  000.391  0000000  005.955  0000010
0231.22  001.600  0000002  000.398  0000002  005.973  0000010
0232.23  001.593  0000000  000.400  0000001  005.964  0000004
0233.23  001.595  0000002  000.407  0000002  005.968  0000007
0234.22  001.597  0000002  000.410  0000001  005.994  0000012
0235.22  001.599  0000002  000.408  0000000  006.011  0000010
0236.22  001.604  0000003  000.415  0000002  006.020  0000008
0237.23  001.598  0000000  000.413  0000000  006.019  0000006
0238.23  001.599  0000002  000.420  0000002  006.036  0000010
0239.22  001.605  0000003  000.418  0000000  006.049  0000009
0240.22  001.599  0000000  000.416  0000000  006.036  0000003
0241.23  001.596  0000001  000.415  0000000  006.019  0000002
0242.23  001.594  0000001  000.413  0000000  006.015  0000005
0243.23  001.587  0000000  000.419  0000002  006.023  0000008
0244.23  001.585  0000001  000.418  0000000  006.019  0000005
0245.23  001.586  0000002  000.416  0000000  006.031  0000009
0246.23  001.584  0000001  000.414  0000000  006.031  0000006
0247.23  001.582  0000001  000.413  0000000  006.027  0000005
0248.23  001.587  0000003  000.411  0000000  006.035  0000008
0249.23  001.589  0000002  000.409  0000000  006.026  0000004
0250.25  001.594  0000003  000.412  0000001  006.038  0000009
0251.25  001.596  0000002  000.410  0000000  006.034  0000005
0252.25  001.598  0000002  000.408  0000000  006.034  0000006
0253.25  001.599  0000002  000.407  0000000  006.038  0000007
0254.25  001.597  0000001  000.413  0000002  006.053  0000010
0255.25  001.598  0000002  000.415  0000001  006.057  0000007
0256.25  001.604  0000003  000.421  0000002  006.064  0000008
0257.25  001.602  0000001  000.424  0000001  006.060  0000005
0258.27  001.595  0000000  000.422  0000000  006.040  0000001
0259.27  001.593  0000001  000.420  0000000  006.036  0000005
Group 2 Stopped 10/6/2021  14:44:23
 
Count Summary
C:RaDeCC\DataRaDeCC.sum
Runtime  CPM219   Cnt219  CPM220   Cnt220  CPMTot   CntTot
0260.18  001.591  000414  000.419  000109  006.027  001568
System Number 2
(219:Delay= 0.01 Window= 5.6)(220:Delay= 5.61 Window= 600)
Eff Last Updated  15Jan13  219= Uset  220= Uset  Tot= Uset

