C:\RaDeCC\Data\AL557_062021\06102021_grey_Std224_blank.txt
Start Time 10/6/2021  09:38:57
Runtime  CPM219   Cnt219   CPM220   Cnt220   CPMTot   CntTot
0001.00  000.000  0000000  000.000  0000000  000.000  0000000
0002.00  000.000  0000000  000.000  0000000  000.500  0000001
0003.00  000.000  0000000  000.000  0000000  000.333  0000000
0004.00  000.000  0000000  000.000  0000000  000.250  0000000
0005.00  000.000  0000000  000.000  0000000  000.200  0000000
0006.00  000.000  0000000  000.000  0000000  000.333  0000001
0007.00  000.000  0000000  000.000  0000000  000.286  0000000
0008.00  000.000  0000000  000.000  0000000  000.250  0000000
0009.00  000.000  0000000  000.000  0000000  000.333  0000001
0010.02  000.000  0000000  000.000  0000000  000.300  0000000
0011.00  000.000  0000000  000.000  0000000  000.273  0000000
0012.00  000.000  0000000  000.000  0000000  000.250  0000000
0013.00  000.000  0000000  000.000  0000000  000.231  0000000
0014.02  000.000  0000000  000.000  0000000  000.214  0000000
0015.02  000.000  0000000  000.000  0000000  000.266  0000001
0016.02  000.000  0000000  000.000  0000000  000.250  0000000
0017.00  000.000  0000000  000.000  0000000  000.235  0000000
0018.02  000.000  0000000  000.000  0000000  000.222  0000000
0019.02  000.000  0000000  000.000  0000000  000.210  0000000
0020.02  000.000  0000000  000.050  0000001  000.300  0000002
0021.02  000.000  0000000  000.048  0000000  000.285  0000000
0022.02  000.000  0000000  000.045  0000000  000.363  0000002
0023.03  000.000  0000000  000.043  0000000  000.347  0000000
0024.02  000.000  0000000  000.042  0000000  000.333  0000000
Group 1 Stopped 10/6/2021  10:03:38
 
Count Summary
C:RaDeCC\DataRaDeCC.sum
Runtime  CPM219   Cnt219  CPM220   Cnt220  CPMTot   CntTot
0024.68  000.000  000000  000.041  000001  000.324  000008
System Number 1
(219:Delay= 0.01 Window= 5.6)(220:Delay= 5.61 Window= 600)
Eff Last Updated  15Jan13  219= Uset  220= Uset  Tot= Uset

