C:\RaDeCC\Data\AL557_062021\06102021_grey_Std224Ra.txt
Start Time 10/6/2021  10:24:08
Runtime  CPM219   Cnt219   CPM220   Cnt220   CPMTot   CntTot
0000.98  000.000  0000000  000.000  0000000  000.000  0000000
0001.98  000.000  0000000  000.504  0000001  001.513  0000003
0003.00  000.000  0000000  001.000  0000002  002.333  0000004
0004.00  000.000  0000000  001.250  0000002  002.750  0000004
0005.00  000.000  0000000  001.200  0000001  002.600  0000002
0006.00  000.000  0000000  001.000  0000000  002.167  0000000
0007.00  000.000  0000000  001.000  0000001  002.143  0000002
0008.00  000.000  0000000  001.125  0000002  002.625  0000006
0009.00  000.000  0000000  001.000  0000000  002.333  0000000
0010.00  000.000  0000000  001.000  0000001  002.300  0000002
0011.02  000.000  0000000  000.998  0000001  002.542  0000005
0012.02  000.000  0000000  000.999  0000001  002.497  0000002
0013.00  000.000  0000000  001.000  0000001  002.538  0000003
0014.00  000.000  0000000  001.143  0000003  003.000  0000009
0015.00  000.000  0000000  001.133  0000001  002.933  0000002
0016.00  000.000  0000000  001.063  0000000  002.813  0000001
0017.00  000.000  0000000  001.118  0000002  002.882  0000004
0018.02  000.000  0000000  001.110  0000001  002.831  0000002
0019.02  000.000  0000000  001.157  0000002  002.892  0000004
0020.02  000.000  0000000  001.199  0000002  002.948  0000004
0021.02  000.000  0000000  001.237  0000002  002.998  0000004
0022.02  000.000  0000000  001.226  0000001  002.998  0000003
0023.02  000.000  0000000  001.217  0000001  002.998  0000003
0024.02  000.000  0000000  001.166  0000000  002.873  0000000
0025.02  000.000  0000000  001.159  0000001  002.918  0000004
0026.03  000.000  0000000  001.114  0000000  002.843  0000001
0027.03  000.000  0000000  001.073  0000000  002.737  0000000
0028.02  000.000  0000000  001.035  0000000  002.641  0000000
0029.02  000.000  0000000  000.999  0000000  002.550  0000000
0030.02  000.000  0000000  000.999  0000001  002.599  0000004
0031.03  000.000  0000000  000.967  0000000  002.513  0000000
0032.03  000.000  0000000  000.999  0000002  002.560  0000004
0033.03  000.000  0000000  000.999  0000001  002.543  0000002
0034.02  000.000  0000000  001.029  0000002  002.616  0000005
0035.03  000.000  0000000  001.056  0000002  002.655  0000004
0036.03  000.000  0000000  001.027  0000000  002.609  0000001
0037.03  000.000  0000000  001.026  0000001  002.592  0000002
0038.03  000.000  0000000  000.999  0000000  002.524  0000000
0039.03  000.000  0000000  000.999  0000001  002.511  0000002
0040.03  000.000  0000000  000.999  0000001  002.548  0000004
0041.05  000.000  0000000  000.974  0000000  002.485  0000000
0042.03  000.000  0000000  000.999  0000002  002.522  0000004
0043.03  000.000  0000000  000.999  0000001  002.510  0000002
0044.03  000.000  0000000  001.022  0000002  002.544  0000004
0045.03  000.022  0000001  001.044  0000002  002.620  0000006
0046.05  000.022  0000000  001.042  0000001  002.606  0000002
0047.05  000.021  0000000  001.020  0000000  002.572  0000001
0048.03  000.021  0000000  001.020  0000001  002.561  0000002
0049.03  000.020  0000000  001.020  0000001  002.549  0000002
0050.05  000.040  0000001  000.999  0000000  002.537  0000002
0051.05  000.039  0000000  000.979  0000000  002.507  0000001
0052.05  000.038  0000000  000.999  0000002  002.536  0000004
0053.05  000.038  0000000  000.980  0000000  002.488  0000000
0054.05  000.037  0000000  000.962  0000000  002.461  0000001
0055.05  000.036  0000000  000.945  0000000  002.416  0000000
0056.05  000.036  0000000  000.946  0000001  002.409  0000002
0057.05  000.035  0000000  000.947  0000001  002.419  0000003
0058.05  000.034  0000000  000.947  0000001  002.412  0000002
0059.07  000.034  0000000  000.948  0000001  002.404  0000002
0060.05  000.033  0000000  000.966  0000002  002.431  0000004
0061.05  000.049  0000001  000.999  0000003  002.523  0000008
0062.05  000.064  0000001  000.983  0000000  002.514  0000002
0063.07  000.063  0000000  000.983  0000001  002.505  0000002
0064.07  000.062  0000000  000.968  0000000  002.482  0000001
0065.07  000.061  0000000  000.984  0000002  002.520  0000005
0066.05  000.061  0000000  001.014  0000003  002.589  0000007
0067.07  000.060  0000000  001.029  0000002  002.624  0000005
0068.07  000.073  0000001  001.014  0000000  002.659  0000005
0069.07  000.072  0000000  000.999  0000000  002.635  0000001
0070.07  000.071  0000000  000.985  0000000  002.626  0000002
0071.07  000.070  0000000  001.013  0000003  002.674  0000006
0072.07  000.069  0000000  001.027  0000002  002.692  0000004
0073.07  000.082  0000001  001.040  0000002  002.737  0000006
0074.07  000.081  0000000  001.026  0000000  002.700  0000000
0075.07  000.080  0000000  001.039  0000002  002.718  0000004
0076.07  000.079  0000000  001.065  0000003  002.761  0000006
0077.07  000.078  0000000  001.077  0000002  002.777  0000004
0078.08  000.077  0000000  001.063  0000000  002.741  0000000
0079.08  000.076  0000000  001.062  0000001  002.731  0000002
0080.08  000.075  0000000  001.061  0000001  002.722  0000002
0081.07  000.074  0000000  001.073  0000002  002.738  0000004
0082.07  000.073  0000000  001.072  0000001  002.729  0000002
0083.08  000.072  0000000  001.071  0000001  002.720  0000002
0084.08  000.071  0000000  001.058  0000000  002.688  0000000
0085.08  000.071  0000000  001.046  0000000  002.656  0000000
0086.07  000.070  0000000  001.034  0000000  002.626  0000000
0087.08  000.069  0000000  001.022  0000000  002.607  0000001
0088.08  000.068  0000000  001.033  0000002  002.623  0000004
0089.08  000.067  0000000  001.022  0000000  002.593  0000000
0090.08  000.067  0000000  001.010  0000000  002.564  0000000
0091.10  000.066  0000000  000.999  0000000  002.536  0000000
0092.08  000.065  0000000  001.010  0000002  002.563  0000005
0093.08  000.064  0000000  001.010  0000001  002.557  0000002
0094.08  000.064  0000000  000.999  0000000  002.530  0000000
0095.08  000.063  0000000  001.010  0000002  002.545  0000004
0096.10  000.062  0000000  000.999  0000000  002.518  0000000
0097.10  000.062  0000000  000.999  0000001  002.513  0000002
0098.08  000.061  0000000  000.999  0000001  002.508  0000002
0099.08  000.061  0000000  001.009  0000002  002.543  0000006
0100.10  000.060  0000000  001.009  0000001  002.577  0000006
0101.10  000.059  0000000  000.999  0000000  002.552  0000000
0102.10  000.059  0000000  000.999  0000001  002.547  0000002
0103.10  000.068  0000001  000.999  0000001  002.570  0000005
0104.10  000.067  0000000  000.999  0000001  002.565  0000002
0105.10  000.067  0000000  000.990  0000000  002.540  0000000
0106.10  000.066  0000000  000.980  0000000  002.545  0000003
0107.10  000.065  0000000  000.971  0000000  002.530  0000001
0108.10  000.065  0000000  000.981  0000002  002.553  0000005
0109.12  000.064  0000000  000.981  0000001  002.557  0000003
0110.10  000.064  0000000  000.972  0000000  002.552  0000002
0111.10  000.072  0000001  000.963  0000000  002.556  0000003
0112.10  000.071  0000000  000.963  0000001  002.551  0000002
0113.12  000.071  0000000  000.955  0000000  002.581  0000006
0114.12  000.070  0000000  000.964  0000002  002.594  0000004
0115.12  000.069  0000000  000.964  0000001  002.589  0000002
0116.10  000.069  0000000  000.973  0000002  002.601  0000004
0117.12  000.068  0000000  000.982  0000002  002.613  0000004
0118.12  000.068  0000000  000.974  0000000  002.608  0000002
0119.12  000.067  0000000  000.965  0000000  002.619  0000004
0120.12  000.067  0000000  000.974  0000002  002.631  0000004
0121.12  000.066  0000000  000.983  0000002  002.642  0000004
0122.12  000.066  0000000  000.983  0000001  002.637  0000002
0123.12  000.065  0000000  000.975  0000000  002.615  0000000
0124.12  000.064  0000000  000.983  0000002  002.635  0000005
0125.12  000.064  0000000  000.975  0000000  002.622  0000001
0126.13  000.063  0000000  000.975  0000001  002.616  0000002
0127.13  000.063  0000000  000.975  0000001  002.611  0000002
0128.12  000.062  0000000  000.976  0000001  002.615  0000003
0129.12  000.062  0000000  000.976  0000001  002.610  0000002
0130.13  000.061  0000000  000.976  0000001  002.613  0000003
0131.13  000.061  0000000  000.976  0000001  002.608  0000002
0132.13  000.061  0000000  000.969  0000000  002.596  0000001
0133.12  000.060  0000000  000.969  0000001  002.592  0000002
0134.12  000.060  0000000  000.962  0000000  002.572  0000000
0135.13  000.059  0000000  000.955  0000000  002.560  0000001
0136.13  000.059  0000000  000.955  0000001  002.564  0000003
0137.13  000.058  0000000  000.970  0000003  002.589  0000006
0138.13  000.065  0000001  001.006  0000006  002.650  0000011
0139.13  000.065  0000000  001.006  0000001  002.645  0000002
0140.13  000.064  0000000  000.999  0000000  002.633  0000001
0141.13  000.064  0000000  000.992  0000000  002.622  0000001
0142.13  000.063  0000000  000.992  0000001  002.652  0000007
0143.15  000.063  0000000  001.006  0000003  002.676  0000006
0144.15  000.062  0000000  001.006  0000001  002.671  0000002
0145.13  000.062  0000000  000.999  0000000  002.673  0000003
0146.13  000.062  0000000  001.006  0000002  002.682  0000004
0147.13  000.061  0000000  001.006  0000001  002.691  0000004
0148.15  000.061  0000000  000.999  0000000  002.686  0000002
0149.15  000.060  0000000  000.999  0000001  002.695  0000004
0150.15  000.060  0000000  000.999  0000001  002.697  0000003
0151.13  000.060  0000000  000.999  0000001  002.700  0000003
0152.15  000.059  0000000  001.006  0000002  002.714  0000005
0153.15  000.059  0000000  000.999  0000000  002.697  0000000
0154.15  000.058  0000000  001.006  0000002  002.738  0000009
0155.15  000.058  0000000  001.005  0000001  002.746  0000004
0156.17  000.058  0000000  000.999  0000000  002.741  0000002
0157.15  000.057  0000000  000.993  0000000  002.724  0000000
0158.15  000.057  0000000  000.986  0000000  002.706  0000000
0159.15  000.057  0000000  000.986  0000001  002.702  0000002
0160.15  000.056  0000000  000.980  0000000  002.685  0000000
0161.17  000.056  0000000  000.974  0000000  002.668  0000000
0162.17  000.055  0000000  000.980  0000002  002.682  0000005
0163.15  000.055  0000000  000.987  0000002  002.691  0000004
0164.15  000.055  0000000  000.981  0000000  002.680  0000001
0165.17  000.054  0000000  000.981  0000001  002.682  0000003
0166.17  000.054  0000000  000.981  0000001  002.678  0000002
0167.17  000.054  0000000  000.975  0000000  002.662  0000000
0168.17  000.054  0000000  000.975  0000001  002.658  0000002
0169.17  000.059  0000001  000.975  0000001  002.666  0000004
0170.17  000.059  0000000  000.987  0000003  002.691  0000007
0171.17  000.058  0000000  000.981  0000000  002.676  0000000
0172.17  000.058  0000000  000.976  0000000  002.660  0000000
0173.17  000.058  0000000  000.976  0000001  002.662  0000003
0174.18  000.057  0000000  000.970  0000000  002.647  0000000
0175.17  000.057  0000000  000.976  0000002  002.655  0000004
0176.17  000.057  0000000  000.976  0000001  002.651  0000002
0177.17  000.056  0000000  000.971  0000000  002.636  0000000
0178.18  000.056  0000000  000.971  0000001  002.643  0000004
0179.18  000.056  0000000  000.971  0000001  002.640  0000002
0180.17  000.056  0000000  000.988  0000004  002.659  0000006
0181.17  000.055  0000000  000.983  0000000  002.644  0000000
0182.18  000.055  0000000  000.988  0000002  002.651  0000004
0183.18  000.055  0000000  000.983  0000000  002.637  0000000
0184.18  000.054  0000000  000.988  0000002  002.650  0000005
0185.18  000.054  0000000  000.988  0000001  002.646  0000002
0186.17  000.054  0000000  000.983  0000000  002.637  0000001
0187.18  000.053  0000000  000.988  0000002  002.644  0000004
0188.18  000.053  0000000  000.983  0000000  002.630  0000000
0189.18  000.053  0000000  000.988  0000002  002.638  0000004
0190.18  000.053  0000000  000.989  0000001  002.634  0000002
0191.20  000.052  0000000  000.983  0000000  002.626  0000001
0192.18  000.052  0000000  000.978  0000000  002.612  0000000
0193.18  000.052  0000000  000.994  0000004  002.650  0000010
0194.18  000.051  0000000  000.989  0000000  002.637  0000000
0195.20  000.051  0000000  000.994  0000002  002.643  0000004
0196.20  000.051  0000000  000.994  0000001  002.655  0000005
0197.20  000.056  0000001  000.989  0000000  002.652  0000002
0198.18  000.056  0000000  000.984  0000000  002.639  0000000
0199.18  000.055  0000000  000.979  0000000  002.641  0000003
0200.20  000.055  0000000  000.974  0000000  002.632  0000001
0201.20  000.055  0000000  000.974  0000001  002.629  0000002
0202.20  000.054  0000000  000.969  0000000  002.616  0000000
0203.20  000.054  0000000  000.969  0000001  002.623  0000004
0204.20  000.054  0000000  000.970  0000001  002.635  0000005
0205.20  000.054  0000000  000.970  0000001  002.641  0000004
0206.20  000.053  0000000  000.980  0000003  002.658  0000006
0207.20  000.053  0000000  000.980  0000001  002.669  0000005
0208.22  000.053  0000000  000.975  0000000  002.665  0000002
0209.22  000.053  0000000  000.975  0000001  002.667  0000003
0210.20  000.052  0000000  000.971  0000000  002.655  0000000
0211.20  000.052  0000000  000.971  0000001  002.652  0000002
0212.20  000.052  0000000  000.975  0000002  002.658  0000004
0213.22  000.052  0000000  000.976  0000001  002.664  0000004
0214.22  000.051  0000000  000.971  0000000  002.652  0000000
0215.22  000.051  0000000  000.971  0000001  002.648  0000002
0216.20  000.051  0000000  000.967  0000000  002.646  0000002
0217.22  000.051  0000000  000.962  0000000  002.638  0000001
0218.22  000.050  0000000  000.958  0000000  002.630  0000001
0219.22  000.050  0000000  000.953  0000000  002.618  0000000
0220.22  000.050  0000000  000.949  0000000  002.607  0000000
0221.23  000.050  0000000  000.949  0000001  002.604  0000002
0222.22  000.050  0000000  000.945  0000000  002.592  0000000
0223.22  000.049  0000000  000.950  0000002  002.598  0000004
0224.22  000.049  0000000  000.950  0000001  002.600  0000003
0225.22  000.049  0000000  000.950  0000001  002.597  0000002
0226.23  000.049  0000000  000.950  0000001  002.595  0000002
0227.22  000.048  0000000  000.946  0000000  002.588  0000001
0228.22  000.048  0000000  000.942  0000000  002.576  0000000
0229.22  000.048  0000000  000.942  0000001  002.587  0000005
0230.23  000.048  0000000  000.947  0000002  002.597  0000005
0231.23  000.048  0000000  000.943  0000000  002.586  0000000
0232.23  000.047  0000000  000.939  0000000  002.575  0000000
0233.22  000.047  0000000  000.939  0000001  002.573  0000002
0234.23  000.047  0000000  000.948  0000003  002.587  0000006
0235.23  000.047  0000000  000.948  0000001  002.585  0000002
0236.23  000.047  0000000  000.944  0000000  002.574  0000000
0237.23  000.046  0000000  000.948  0000002  002.580  0000004
0238.23  000.046  0000000  000.949  0000001  002.577  0000002
0239.23  000.046  0000000  000.949  0000001  002.579  0000003
0240.23  000.046  0000000  000.945  0000000  002.568  0000000
0241.23  000.046  0000000  000.945  0000001  002.566  0000002
0242.23  000.045  0000000  000.941  0000000  002.560  0000001
0243.25  000.045  0000000  000.937  0000000  002.553  0000001
0244.25  000.045  0000000  000.933  0000000  002.542  0000000
0245.23  000.045  0000000  000.938  0000002  002.553  0000005
0246.23  000.045  0000000  000.934  0000000  002.546  0000001
0247.25  000.044  0000000  000.934  0000001  002.548  0000003
0248.25  000.044  0000000  000.939  0000002  002.554  0000004
0249.25  000.044  0000000  000.951  0000004  002.572  0000007
0250.25  000.044  0000000  000.947  0000000  002.561  0000000
0251.25  000.044  0000000  000.947  0000001  002.563  0000003
0252.25  000.048  0000001  000.955  0000003  002.585  0000008
0253.23  000.047  0000000  000.952  0000000  002.575  0000000
0254.25  000.047  0000000  000.952  0000001  002.572  0000002
0255.25  000.047  0000000  000.948  0000000  002.566  0000001
0256.25  000.047  0000000  000.944  0000000  002.560  0000001
0257.25  000.047  0000000  000.945  0000001  002.562  0000003
0258.27  000.046  0000000  000.945  0000001  002.563  0000003
0259.25  000.046  0000000  000.945  0000001  002.561  0000002
Group 1 Stopped 10/6/2021  14:44:21
 
Count Summary
C:RaDeCC\DataRaDeCC.sum
Runtime  CPM219   Cnt219  CPM220   Cnt220  CPMTot   CntTot
0260.22  000.046  000012  000.942  000245  002.552  000664
System Number 1
(219:Delay= 0.01 Window= 5.6)(220:Delay= 5.61 Window= 600)
Eff Last Updated  15Jan13  219= Uset  220= Uset  Tot= Uset

