C:\RaDeCC\Data\AL557_062021\06102021_orange_Std223_blank.txt
Start Time 10/6/2021  09:39:08
Runtime  CPM219   Cnt219   CPM220   Cnt220   CPMTot   CntTot
0000.98  000.000  0000000  000.000  0000000  000.000  0000000
0001.98  000.000  0000000  000.000  0000000  000.000  0000000
0002.98  000.000  0000000  000.000  0000000  000.000  0000000
0004.00  000.000  0000000  000.000  0000000  000.000  0000000
0005.00  000.000  0000000  000.000  0000000  000.000  0000000
0005.98  000.000  0000000  000.000  0000000  000.167  0000001
0006.98  000.000  0000000  000.000  0000000  000.143  0000000
0008.00  000.000  0000000  000.000  0000000  000.250  0000001
0009.00  000.000  0000000  000.000  0000000  000.222  0000000
0010.00  000.000  0000000  000.000  0000000  000.200  0000000
0011.00  000.000  0000000  000.000  0000000  000.182  0000000
0011.98  000.000  0000000  000.000  0000000  000.167  0000000
0013.00  000.000  0000000  000.000  0000000  000.231  0000001
0014.00  000.000  0000000  000.000  0000000  000.214  0000000
0015.00  000.000  0000000  000.000  0000000  000.200  0000000
0016.00  000.000  0000000  000.000  0000000  000.188  0000000
0017.02  000.000  0000000  000.000  0000000  000.176  0000000
0018.00  000.000  0000000  000.000  0000000  000.167  0000000
0019.00  000.000  0000000  000.000  0000000  000.158  0000000
0020.00  000.000  0000000  000.000  0000000  000.150  0000000
0021.00  000.000  0000000  000.000  0000000  000.143  0000000
0022.02  000.000  0000000  000.000  0000000  000.182  0000001
0023.02  000.000  0000000  000.000  0000000  000.174  0000000
0024.02  000.000  0000000  000.000  0000000  000.167  0000000
Group 2 Stopped 10/6/2021  10:03:43
 
Count Summary
C:RaDeCC\DataRaDeCC.sum
Runtime  CPM219   Cnt219  CPM220   Cnt220  CPMTot   CntTot
0024.58  000.000  000000  000.000  000000  000.163  000004
System Number 2
(219:Delay= 0.01 Window= 5.6)(220:Delay= 5.61 Window= 600)
Eff Last Updated  15Jan13  219= Uset  220= Uset  Tot= Uset

