C:\RaDeCC\Data\AL557_062021\070621_orange_224STD_blank.txt
Start Time 6/7/2021  09:37:33
Runtime  CPM219   Cnt219   CPM220   Cnt220   CPMTot   CntTot
0000.98  000.000  0000000  000.000  0000000  000.000  0000000
0001.98  000.000  0000000  000.000  0000000  000.000  0000000
0003.00  000.000  0000000  000.000  0000000  000.333  0000001
0004.00  000.000  0000000  000.000  0000000  000.250  0000000
0005.00  000.000  0000000  000.000  0000000  000.800  0000003
0006.00  000.000  0000000  000.000  0000000  001.167  0000003
0007.00  000.000  0000000  000.000  0000000  001.000  0000000
0008.00  000.000  0000000  000.000  0000000  001.000  0000001
0009.00  000.000  0000000  000.000  0000000  001.000  0000001
0010.00  000.000  0000000  000.000  0000000  001.100  0000002
0011.00  000.000  0000000  000.000  0000000  001.091  0000001
0012.02  000.000  0000000  000.000  0000000  001.082  0000001
0013.02  000.000  0000000  000.000  0000000  001.152  0000002
0014.02  000.000  0000000  000.000  0000000  001.141  0000001
0015.02  000.000  0000000  000.000  0000000  001.065  0000000
0016.00  000.000  0000000  000.000  0000000  001.000  0000000
0017.00  000.000  0000000  000.000  0000000  001.000  0000001
0018.02  000.000  0000000  000.000  0000000  000.944  0000000
0019.02  000.000  0000000  000.000  0000000  000.999  0000002
0020.02  000.000  0000000  000.000  0000000  000.949  0000000
0021.02  000.000  0000000  000.000  0000000  000.952  0000001
0022.02  000.000  0000000  000.000  0000000  000.999  0000002
0023.02  000.000  0000000  000.000  0000000  000.956  0000000
0024.02  000.000  0000000  000.000  0000000  000.958  0000001
0025.02  000.000  0000000  000.000  0000000  000.959  0000001
0026.03  000.000  0000000  000.000  0000000  001.037  0000003
Group 2 Stopped 6/7/2021  10:03:48
 
Count Summary
C:RaDeCC\DataRaDeCC.sum
Runtime  CPM219   Cnt219  CPM220   Cnt220  CPMTot   CntTot
0026.25  000.000  000000  000.000  000000  001.029  000027
System Number 2
(219:Delay= 0.01 Window= 5.6)(220:Delay= 5.61 Window= 600)
Eff Last Updated  15Jan13  219= Uset  220= Uset  Tot= Uset

