C:\RaDeCC\Data\AL557_062021\070621_grey_223STD_blank.txt
Start Time 6/7/2021  09:37:17
Runtime  CPM219   Cnt219   CPM220   Cnt220   CPMTot   CntTot
0000.98  000.000  0000000  000.000  0000000  002.034  0000002
0001.98  000.000  0000000  000.000  0000000  001.008  0000000
0002.98  000.000  0000000  000.000  0000000  001.006  0000001
0004.00  000.000  0000000  000.000  0000000  001.000  0000001
0005.00  000.000  0000000  000.000  0000000  001.000  0000001
0005.98  000.000  0000000  000.000  0000000  001.003  0000001
0006.98  000.000  0000000  000.000  0000000  001.002  0000001
0008.00  000.000  0000000  000.000  0000000  000.875  0000000
0009.00  000.000  0000000  000.000  0000000  000.778  0000000
0010.00  000.000  0000000  000.000  0000000  000.800  0000001
0011.00  000.000  0000000  000.000  0000000  000.909  0000002
0011.98  000.000  0000000  000.000  0000000  000.918  0000001
0012.98  000.000  0000000  000.000  0000000  000.924  0000001
0014.00  000.000  0000000  000.000  0000000  001.071  0000003
0015.00  000.000  0000000  000.000  0000000  001.133  0000002
0016.00  000.000  0000000  000.063  0000001  001.250  0000003
0017.00  000.000  0000000  000.059  0000000  001.235  0000001
0018.00  000.000  0000000  000.056  0000000  001.167  0000000
0019.02  000.000  0000000  000.053  0000000  001.157  0000001
0020.00  000.000  0000000  000.050  0000000  001.100  0000000
0021.00  000.000  0000000  000.048  0000000  001.095  0000001
0022.00  000.000  0000000  000.045  0000000  001.091  0000001
0023.02  000.000  0000000  000.043  0000000  001.130  0000002
0024.02  000.000  0000000  000.042  0000000  001.166  0000002
0025.02  000.000  0000000  000.040  0000000  001.159  0000001
0026.00  000.000  0000000  000.038  0000000  001.154  0000001
Group 1 Stopped 6/7/2021  10:03:44
 
Count Summary
C:RaDeCC\DataRaDeCC.sum
Runtime  CPM219   Cnt219  CPM220   Cnt220  CPMTot   CntTot
0026.45  000.000  000000  000.038  000001  001.134  000030
System Number 1
(219:Delay= 0.01 Window= 5.6)(220:Delay= 5.61 Window= 600)
Eff Last Updated  15Jan13  219= Uset  220= Uset  Tot= Uset

