C:\RaDeCC\Data\AL557_062021\070621_orange_224STD.txt
Start Time 6/7/2021  10:15:50
Runtime  CPM219   Cnt219   CPM220   Cnt220   CPMTot   CntTot
0001.00  000.000  0000000  001.000  0000001  004.000  0000004
0001.98  000.000  0000000  001.513  0000002  005.042  0000006
0002.98  000.000  0000000  001.006  0000000  004.022  0000002
0003.98  000.000  0000000  001.004  0000001  003.515  0000002
0005.00  000.000  0000000  001.000  0000001  003.600  0000004
0006.00  000.000  0000000  001.833  0000006  005.167  0000013
0007.00  000.000  0000000  001.714  0000001  005.286  0000006
0007.98  000.000  0000000  001.754  0000002  005.136  0000004
0009.00  000.000  0000000  001.667  0000001  004.778  0000002
0010.00  000.000  0000000  001.600  0000001  004.700  0000004
0011.00  000.000  0000000  001.636  0000002  004.818  0000006
0012.00  000.000  0000000  001.583  0000001  004.833  0000005
0013.02  000.000  0000000  001.460  0000000  004.456  0000000
0014.00  000.000  0000000  001.571  0000003  004.857  0000010
0015.00  000.000  0000000  001.467  0000000  004.667  0000002
0016.00  000.000  0000000  001.438  0000001  004.500  0000002
0017.00  000.000  0000000  001.412  0000001  004.588  0000006
0018.02  000.000  0000000  001.332  0000000  004.440  0000002
0019.02  000.000  0000000  001.262  0000000  004.259  0000001
0020.00  000.000  0000000  001.300  0000002  004.300  0000005
0021.00  000.000  0000000  001.286  0000001  004.286  0000004
0022.02  000.000  0000000  001.272  0000001  004.224  0000003
0023.02  000.000  0000000  001.477  0000006  004.562  0000012
0024.02  000.000  0000000  001.416  0000000  004.539  0000004
0025.02  000.000  0000000  001.399  0000001  004.437  0000002
0026.00  000.000  0000000  001.385  0000001  004.423  0000004
0027.02  000.000  0000000  001.370  0000001  004.331  0000002
0028.02  000.000  0000000  001.392  0000002  004.355  0000005
0029.02  000.000  0000000  001.379  0000001  004.308  0000003
0030.02  000.000  0000000  001.366  0000001  004.264  0000003
0031.03  000.000  0000000  001.353  0000001  004.221  0000003
0032.03  000.000  0000000  001.342  0000001  004.152  0000002
0033.02  000.000  0000000  001.302  0000000  004.059  0000001
0034.02  000.000  0000000  001.352  0000003  004.292  0000012
0035.02  000.000  0000000  001.314  0000000  004.198  0000001
0036.03  000.000  0000000  001.277  0000000  004.080  0000000
0037.03  000.000  0000000  001.269  0000001  004.050  0000003
0038.02  000.000  0000000  001.263  0000001  004.077  0000005
0039.03  000.000  0000000  001.255  0000001  004.099  0000005
0040.03  000.000  0000000  001.249  0000001  004.072  0000003
0041.03  000.000  0000000  001.219  0000000  004.094  0000005
0042.03  000.000  0000000  001.237  0000002  004.140  0000006
0043.03  000.000  0000000  001.208  0000000  004.067  0000001
0044.03  000.000  0000000  001.181  0000000  003.974  0000000
0045.03  000.000  0000000  001.199  0000002  003.975  0000004
0046.03  000.022  0000001  001.173  0000000  003.975  0000004
0047.03  000.021  0000000  001.191  0000002  003.997  0000005
0048.05  000.021  0000000  001.228  0000003  004.037  0000006
0049.03  000.020  0000000  001.203  0000000  004.038  0000004
0050.03  000.020  0000000  001.179  0000000  003.957  0000000
0051.03  000.020  0000000  001.195  0000002  003.997  0000006
0052.05  000.038  0000001  001.172  0000000  003.977  0000003
0053.03  000.038  0000000  001.188  0000002  003.997  0000005
0054.03  000.037  0000000  001.166  0000000  003.942  0000001
0055.03  000.036  0000000  001.145  0000000  003.889  0000001
0056.05  000.036  0000000  001.142  0000001  003.907  0000005
0057.05  000.035  0000000  001.139  0000001  003.909  0000004
0058.05  000.034  0000000  001.137  0000001  003.928  0000005
0059.03  000.034  0000000  001.152  0000002  003.947  0000005
0060.05  000.033  0000000  001.182  0000003  004.030  0000009
0061.05  000.033  0000000  001.212  0000003  004.079  0000007
0062.05  000.032  0000000  001.193  0000000  004.013  0000000
0063.05  000.032  0000000  001.174  0000000  003.965  0000001
0064.07  000.031  0000000  001.171  0000001  003.965  0000004
0065.05  000.031  0000000  001.168  0000001  003.966  0000004
0066.05  000.030  0000000  001.166  0000001  003.936  0000002
0067.05  000.030  0000000  001.163  0000001  003.922  0000003
0068.05  000.029  0000000  001.146  0000000  003.865  0000000
0069.07  000.029  0000000  001.187  0000004  003.938  0000009
0070.07  000.029  0000000  001.170  0000000  003.896  0000001
0071.05  000.028  0000000  001.154  0000000  003.885  0000003
0072.05  000.028  0000000  001.152  0000001  003.858  0000002
0073.07  000.027  0000000  001.150  0000001  003.832  0000002
0074.07  000.027  0000000  001.134  0000000  003.794  0000001
0075.07  000.027  0000000  001.119  0000000  003.743  0000000
0076.07  000.026  0000000  001.117  0000001  003.734  0000003
0077.07  000.026  0000000  001.103  0000000  003.698  0000001
0078.07  000.026  0000000  001.102  0000001  003.676  0000002
0079.07  000.025  0000000  001.113  0000002  003.680  0000004
0080.07  000.025  0000000  001.099  0000000  003.659  0000002
0081.07  000.025  0000000  001.086  0000000  003.627  0000001
0082.08  000.024  0000000  001.084  0000001  003.630  0000004
0083.07  000.024  0000000  001.083  0000001  003.636  0000004
0084.07  000.024  0000000  001.094  0000002  003.652  0000005
0085.07  000.024  0000000  001.105  0000002  003.668  0000005
0086.08  000.023  0000000  001.104  0000001  003.659  0000003
0087.08  000.023  0000000  001.091  0000000  003.617  0000000
0088.08  000.023  0000000  001.079  0000000  003.588  0000001
0089.07  000.022  0000000  001.067  0000000  003.570  0000002
0090.08  000.022  0000000  001.066  0000001  003.574  0000004
0091.08  000.022  0000000  001.065  0000001  003.568  0000003
0092.08  000.022  0000000  001.053  0000000  003.529  0000000
0093.08  000.021  0000000  001.053  0000001  003.534  0000004
0094.07  000.021  0000000  001.042  0000000  003.529  0000003
0095.08  000.021  0000000  001.041  0000001  003.523  0000003
0096.08  000.021  0000000  001.051  0000002  003.539  0000005
0097.08  000.021  0000000  001.061  0000002  003.574  0000007
0098.08  000.020  0000000  001.071  0000002  003.589  0000005
0099.10  000.020  0000000  001.070  0000001  003.582  0000003
0100.08  000.020  0000000  001.069  0000001  003.587  0000004
0101.08  000.020  0000000  001.088  0000003  003.611  0000006
0102.08  000.020  0000000  001.078  0000000  003.585  0000001
0103.10  000.019  0000000  001.096  0000003  003.628  0000008
0104.10  000.019  0000000  001.085  0000000  003.593  0000000
0105.10  000.019  0000000  001.094  0000002  003.597  0000004
0106.08  000.028  0000001  001.131  0000005  003.676  0000012
0107.08  000.028  0000000  001.130  0000001  003.661  0000002
0108.10  000.028  0000000  001.119  0000000  003.636  0000001
0109.10  000.027  0000000  001.118  0000001  003.639  0000004
0110.10  000.027  0000000  001.117  0000001  003.624  0000002
0111.10  000.027  0000000  001.107  0000000  003.600  0000001
0112.10  000.027  0000000  001.097  0000000  003.568  0000000
0113.10  000.027  0000000  001.088  0000000  003.546  0000001
0114.10  000.026  0000000  001.078  0000000  003.514  0000000
0115.10  000.026  0000000  001.077  0000001  003.510  0000003
0116.12  000.026  0000000  001.094  0000003  003.531  0000006
0117.12  000.026  0000000  001.093  0000001  003.518  0000002
0118.10  000.025  0000000  001.092  0000001  003.514  0000003
0119.10  000.025  0000000  001.083  0000000  003.493  0000001
0120.10  000.025  0000000  001.074  0000000  003.472  0000001
0121.12  000.025  0000000  001.065  0000000  003.443  0000000
0122.12  000.025  0000000  001.056  0000000  003.415  0000000
0123.12  000.024  0000000  001.048  0000000  003.395  0000001
0124.10  000.024  0000000  001.039  0000000  003.368  0000000
0125.12  000.024  0000000  001.039  0000001  003.365  0000003
0126.12  000.024  0000000  001.031  0000000  003.338  0000000
0127.12  000.024  0000000  001.023  0000000  003.312  0000000
0128.12  000.031  0000001  001.015  0000000  003.302  0000002
0129.13  000.031  0000000  001.007  0000000  003.276  0000000
0130.13  000.031  0000000  000.999  0000000  003.258  0000001
0131.12  000.031  0000000  001.007  0000002  003.264  0000004
0132.12  000.030  0000000  001.014  0000002  003.277  0000005
0133.12  000.030  0000000  001.014  0000001  003.283  0000004
0134.13  000.030  0000000  001.036  0000004  003.340  0000011
0135.13  000.030  0000000  001.036  0000001  003.345  0000004
0136.13  000.029  0000000  001.050  0000003  003.364  0000006
0137.12  000.029  0000000  001.050  0000001  003.362  0000003
0138.12  000.029  0000000  001.072  0000004  003.388  0000007
0139.13  000.029  0000000  001.078  0000002  003.392  0000004
0140.13  000.029  0000000  001.070  0000000  003.382  0000002
0141.13  000.028  0000000  001.070  0000001  003.373  0000002
0142.12  000.028  0000000  001.070  0000001  003.378  0000004
0143.13  000.028  0000000  001.062  0000000  003.361  0000001
0144.13  000.028  0000000  001.055  0000000  003.337  0000000
0145.13  000.028  0000000  001.068  0000003  003.362  0000007
0146.13  000.027  0000000  001.061  0000000  003.346  0000001
0147.15  000.027  0000000  001.060  0000001  003.337  0000002
0148.13  000.027  0000000  001.060  0000001  003.342  0000004
0149.13  000.027  0000000  001.053  0000000  003.319  0000000
0150.13  000.027  0000000  001.052  0000001  003.317  0000003
0151.13  000.026  0000000  001.045  0000000  003.302  0000001
0152.15  000.033  0000001  001.045  0000001  003.319  0000006
0153.15  000.033  0000000  001.045  0000001  003.317  0000003
0154.13  000.032  0000000  001.045  0000001  003.335  0000006
0155.13  000.032  0000000  001.038  0000000  003.320  0000001
0156.15  000.032  0000000  001.037  0000001  003.311  0000002
0157.15  000.032  0000000  001.037  0000001  003.309  0000003
0158.15  000.032  0000000  001.037  0000001  003.313  0000004
0159.15  000.031  0000000  001.037  0000001  003.318  0000004
0160.15  000.031  0000000  001.037  0000001  003.328  0000005
0161.17  000.031  0000000  001.030  0000000  003.313  0000001
0162.15  000.031  0000000  001.036  0000002  003.324  0000005
0163.15  000.031  0000000  001.048  0000003  003.347  0000007
0164.17  000.030  0000000  001.054  0000002  003.350  0000004
0165.17  000.030  0000000  001.053  0000001  003.342  0000002
0166.17  000.030  0000000  001.047  0000000  003.328  0000001
0167.17  000.030  0000000  001.047  0000001  003.338  0000005
0168.17  000.030  0000000  001.047  0000001  003.342  0000004
0169.17  000.030  0000000  001.040  0000000  003.328  0000001
0170.17  000.029  0000000  001.052  0000003  003.361  0000009
0171.17  000.029  0000000  001.052  0000001  003.353  0000002
0172.18  000.029  0000000  001.051  0000001  003.351  0000003
0173.18  000.029  0000000  001.051  0000001  003.343  0000002
0174.17  000.029  0000000  001.051  0000001  003.342  0000003
0175.17  000.029  0000000  001.056  0000002  003.351  0000005
0176.17  000.028  0000000  001.050  0000000  003.332  0000000
0177.18  000.028  0000000  001.050  0000001  003.341  0000005
0178.18  000.028  0000000  001.044  0000000  003.322  0000000
0179.18  000.028  0000000  001.044  0000001  003.326  0000004
0180.17  000.028  0000000  001.055  0000003  003.352  0000008
0181.18  000.028  0000000  001.054  0000001  003.356  0000004
0182.18  000.027  0000000  001.048  0000000  003.343  0000001
0183.18  000.027  0000000  001.043  0000000  003.325  0000000
0184.18  000.027  0000000  001.042  0000001  003.317  0000002
0185.20  000.027  0000000  001.058  0000004  003.359  0000011
0186.18  000.027  0000000  001.058  0000001  003.357  0000003
0187.18  000.027  0000000  001.052  0000000  003.344  0000001
0188.18  000.027  0000000  001.047  0000000  003.337  0000002
0189.18  000.026  0000000  001.041  0000000  003.335  0000003
0190.20  000.026  0000000  001.041  0000001  003.333  0000003
0191.20  000.026  0000000  001.041  0000001  003.326  0000002
0192.18  000.026  0000000  001.035  0000000  003.315  0000001
0193.18  000.026  0000000  001.030  0000000  003.303  0000001
0194.20  000.026  0000000  001.025  0000000  003.285  0000000
Group 2 Stopped 6/7/2021  13:30:55
 
Count Summary
C:RaDeCC\DataRaDeCC.sum
Runtime  CPM219   Cnt219  CPM220   Cnt220  CPMTot   CntTot
0195.08  000.026  000005  001.025  000200  003.281  000640
System Number 2
(219:Delay= 0.01 Window= 5.6)(220:Delay= 5.61 Window= 600)
Eff Last Updated  15Jan13  219= Uset  220= Uset  Tot= Uset

