C:\RaDeCC\Data\AL557_062021\070621_grey_Blank_224STD.txt
Start Time 6/7/2021  14:04:16
Runtime  CPM219   Cnt219   CPM220   Cnt220   CPMTot   CntTot
0000.98  000.000  0000000  000.000  0000000  002.034  0000002
0001.98  000.000  0000000  000.000  0000000  001.008  0000000
0002.98  000.000  0000000  000.000  0000000  001.676  0000003
0004.00  000.000  0000000  000.000  0000000  001.500  0000001
0005.00  000.000  0000000  000.000  0000000  001.400  0000001
0005.98  000.000  0000000  000.000  0000000  001.337  0000001
0006.98  000.000  0000000  000.000  0000000  001.718  0000004
0007.98  000.000  0000000  000.000  0000000  001.628  0000001
0009.00  000.000  0000000  000.000  0000000  001.667  0000002
0010.00  000.000  0000000  000.000  0000000  001.500  0000000
0011.00  000.000  0000000  000.000  0000000  001.636  0000003
0011.98  000.000  0000000  000.000  0000000  001.669  0000002
0013.00  000.000  0000000  000.077  0000001  001.769  0000003
0014.00  000.000  0000000  000.071  0000000  001.786  0000002
0015.00  000.000  0000000  000.067  0000000  001.733  0000001
0016.00  000.000  0000000  000.063  0000000  001.688  0000001
0017.02  000.000  0000000  000.059  0000000  001.587  0000000
0018.00  000.000  0000000  000.056  0000000  001.556  0000001
0019.00  000.000  0000000  000.053  0000000  001.474  0000000
0020.00  000.000  0000000  000.050  0000000  001.400  0000000
0021.00  000.000  0000000  000.048  0000000  001.333  0000000
0022.02  000.000  0000000  000.045  0000000  001.317  0000001
Group 1 Stopped 6/7/2021  14:26:48
 
Count Summary
C:RaDeCC\DataRaDeCC.sum
Runtime  CPM219   Cnt219  CPM220   Cnt220  CPMTot   CntTot
0022.53  000.000  000000  000.044  000001  001.331  000030
System Number 1
(219:Delay= 0.01 Window= 5.6)(220:Delay= 5.61 Window= 600)
Eff Last Updated  15Jan13  219= Uset  220= Uset  Tot= Uset

