C:\RaDeCC\Data\AL557_062021\070621_grey_224STD.txt
Start Time 6/7/2021  14:53:42
Runtime  CPM219   Cnt219   CPM220   Cnt220   CPMTot   CntTot
0001.00  003.000  0000003  000.000  0000000  006.000  0000006
0002.00  002.500  0000002  000.500  0000001  008.000  0000010
0003.00  002.000  0000001  000.667  0000001  007.000  0000005
0003.98  002.259  0000003  000.502  0000000  007.029  0000007
0005.00  002.200  0000002  000.800  0000002  007.600  0000010
0006.00  001.833  0000000  000.667  0000000  006.667  0000002
0007.00  001.714  0000001  000.857  0000002  006.571  0000006
0008.00  001.500  0000000  000.750  0000000  006.000  0000002
0009.02  001.553  0000002  000.665  0000000  005.989  0000006
0010.00  001.500  0000001  000.600  0000000  005.800  0000004
0011.00  001.364  0000000  000.545  0000000  005.455  0000002
0012.00  001.333  0000001  000.500  0000000  005.167  0000002
0013.02  001.460  0000003  000.615  0000002  005.531  0000010
0014.02  001.498  0000002  000.642  0000001  005.636  0000007
0015.02  001.598  0000003  000.599  0000000  005.794  0000008
0016.00  001.688  0000003  000.563  0000000  005.938  0000008
0017.00  001.647  0000001  000.529  0000000  005.824  0000004
0018.02  001.721  0000003  000.555  0000001  005.994  0000009
0019.02  001.788  0000003  000.526  0000000  005.995  0000006
0020.02  001.699  0000000  000.550  0000001  005.795  0000002
0021.02  001.665  0000001  000.523  0000000  005.852  0000007
0022.02  001.681  0000002  000.500  0000000  005.905  0000007
0023.02  001.651  0000001  000.521  0000001  005.865  0000005
0024.02  001.666  0000002  000.500  0000000  005.829  0000005
0025.02  001.799  0000005  000.520  0000001  006.116  0000013
0026.02  001.807  0000002  000.500  0000000  006.035  0000004
0027.03  001.813  0000002  000.481  0000000  006.030  0000006
0028.02  001.892  0000004  000.571  0000003  006.246  0000012
0029.02  001.861  0000001  000.551  0000000  006.169  0000004
0030.02  001.799  0000000  000.566  0000001  006.030  0000002
0031.03  001.805  0000002  000.548  0000000  006.122  0000009
0032.03  001.873  0000004  000.531  0000000  006.243  0000010
0033.03  001.847  0000001  000.515  0000000  006.206  0000005
0034.02  001.823  0000001  000.500  0000000  006.144  0000004
0035.03  001.827  0000002  000.485  0000000  006.251  0000010
0036.03  001.776  0000000  000.472  0000000  006.078  0000000
0037.03  001.728  0000000  000.459  0000000  005.914  0000000
0038.03  001.762  0000003  000.447  0000000  005.942  0000007
0039.03  001.742  0000001  000.461  0000001  005.892  0000004
0040.03  001.749  0000002  000.450  0000000  005.920  0000007
0041.03  001.755  0000002  000.439  0000000  005.922  0000006
0042.03  001.784  0000003  000.428  0000000  005.995  0000009
0043.03  001.813  0000003  000.488  0000003  006.158  0000013
0044.05  001.862  0000004  000.522  0000002  006.356  0000015
0045.05  001.865  0000002  000.511  0000000  006.349  0000006
0046.03  001.825  0000000  000.521  0000001  006.300  0000004
0047.03  001.807  0000001  000.532  0000001  006.336  0000008
0048.03  001.770  0000000  000.520  0000000  006.266  0000003
0049.03  001.734  0000000  000.571  0000003  006.322  0000009
0050.05  001.718  0000001  000.559  0000000  006.234  0000002
0051.05  001.685  0000000  000.548  0000000  006.190  0000004
0052.05  001.671  0000001  000.576  0000002  006.148  0000004
0053.03  001.678  0000002  000.566  0000000  006.185  0000008
0054.05  001.665  0000001  000.574  0000001  006.198  0000007
0055.05  001.653  0000001  000.563  0000000  006.158  0000004
0056.05  001.695  0000004  000.553  0000000  006.244  0000011
0057.05  001.700  0000002  000.543  0000000  006.258  0000007
0058.05  001.671  0000000  000.534  0000000  006.202  0000003
0059.05  001.660  0000001  000.525  0000000  006.181  0000005
0060.05  001.632  0000000  000.516  0000000  006.178  0000006
0061.05  001.654  0000003  000.508  0000000  006.192  0000007
0062.05  001.644  0000001  000.532  0000002  006.221  0000008
0063.07  001.649  0000002  000.523  0000000  006.200  0000005
0064.05  001.639  0000001  000.515  0000000  006.198  0000006
0065.05  001.630  0000001  000.507  0000000  006.164  0000004
0066.07  001.620  0000001  000.499  0000000  006.145  0000005
0067.07  001.610  0000001  000.492  0000000  006.128  0000005
0068.07  001.616  0000002  000.485  0000000  006.141  0000007
0069.05  001.636  0000003  000.492  0000001  006.213  0000011
0070.05  001.627  0000001  000.485  0000000  006.196  0000005
0071.07  001.632  0000002  000.521  0000003  006.248  0000010
0072.07  001.610  0000000  000.513  0000000  006.175  0000001
0073.07  001.601  0000001  000.506  0000000  006.131  0000003
0074.07  001.634  0000004  000.513  0000001  006.211  0000012
0075.07  001.625  0000001  000.533  0000002  006.181  0000004
0076.08  001.604  0000000  000.539  0000001  006.164  0000005
0077.07  001.583  0000000  000.532  0000000  006.138  0000004
0078.07  001.588  0000002  000.551  0000002  006.161  0000008
0079.07  001.581  0000001  000.544  0000000  006.159  0000006
0080.08  001.586  0000002  000.562  0000002  006.194  0000009
0081.08  001.566  0000000  000.580  0000002  006.179  0000005
0082.08  001.572  0000002  000.573  0000000  006.177  0000006
0083.07  001.577  0000002  000.566  0000000  006.152  0000004
0084.07  001.618  0000005  000.559  0000000  006.221  0000012
0085.08  001.657  0000005  000.564  0000001  006.323  0000015
0086.08  001.661  0000002  000.558  0000000  006.296  0000004
0087.08  001.654  0000001  000.563  0000001  006.316  0000008
0088.08  001.635  0000000  000.556  0000000  006.267  0000002
0089.08  001.650  0000003  000.561  0000001  006.331  0000012
0090.08  001.632  0000000  000.555  0000000  006.272  0000001
0091.10  001.636  0000002  000.549  0000000  006.268  0000006
0092.08  001.640  0000002  000.543  0000000  006.255  0000005
0093.08  001.644  0000002  000.537  0000000  006.274  0000008
0094.08  001.658  0000003  000.542  0000001  006.303  0000009
0095.10  001.651  0000001  000.536  0000000  006.267  0000003
0096.08  001.634  0000000  000.531  0000000  006.224  0000002
0097.10  001.617  0000000  000.525  0000000  006.179  0000002
0098.10  001.621  0000002  000.520  0000000  006.188  0000007
0099.08  001.615  0000001  000.515  0000000  006.177  0000005
0100.08  001.599  0000000  000.510  0000000  006.135  0000002
0101.10  001.602  0000002  000.504  0000000  006.162  0000009
0102.10  001.587  0000000  000.500  0000000  006.121  0000002
0103.10  001.600  0000003  000.504  0000001  006.169  0000011
0104.10  001.595  0000001  000.500  0000000  006.177  0000007
0105.10  001.589  0000001  000.495  0000000  006.175  0000006
0106.10  001.574  0000000  000.490  0000000  006.136  0000002
0107.10  001.578  0000002  000.486  0000000  006.144  0000007
0108.10  001.573  0000001  000.481  0000000  006.124  0000004
0109.10  001.586  0000003  000.486  0000001  006.150  0000009
0110.12  001.589  0000002  000.481  0000000  006.157  0000007
0111.10  001.602  0000003  000.477  0000000  006.166  0000007
0112.10  001.615  0000003  000.482  0000001  006.209  0000011
0113.10  001.600  0000000  000.477  0000000  006.180  0000003
0114.12  001.595  0000001  000.482  0000001  006.169  0000005
0115.12  001.590  0000001  000.486  0000001  006.159  0000005
0116.12  001.576  0000000  000.482  0000000  006.132  0000003
0117.10  001.571  0000001  000.478  0000000  006.097  0000002
0118.12  001.558  0000000  000.474  0000000  006.053  0000001
0119.12  001.570  0000003  000.479  0000001  006.112  0000013
0120.12  001.590  0000004  000.475  0000000  006.169  0000013
0121.12  001.594  0000002  000.479  0000001  006.192  0000009
0122.12  001.589  0000001  000.475  0000000  006.183  0000005
0123.12  001.608  0000004  000.471  0000000  006.197  0000008
0124.12  001.619  0000003  000.475  0000001  006.228  0000010
0125.13  001.622  0000002  000.471  0000000  006.225  0000006
0126.12  001.625  0000002  000.476  0000001  006.240  0000008
0127.12  001.628  0000002  000.472  0000000  006.238  0000006
0128.12  001.639  0000003  000.484  0000002  006.291  0000013
0129.13  001.649  0000003  000.488  0000001  006.319  0000010
0130.13  001.660  0000003  000.507  0000003  006.324  0000007
0131.13  001.685  0000005  000.519  0000002  006.375  0000013
0132.12  001.688  0000002  000.515  0000000  006.381  0000007
0133.13  001.690  0000002  000.518  0000001  006.400  0000009
0134.13  001.685  0000001  000.522  0000001  006.397  0000006
0135.13  001.687  0000002  000.518  0000000  006.394  0000006
0136.13  001.690  0000002  000.536  0000003  006.413  0000009
0137.13  001.677  0000000  000.540  0000001  006.403  0000005
0138.13  001.672  0000001  000.536  0000000  006.392  0000005
0139.13  001.660  0000000  000.532  0000000  006.361  0000002
0140.13  001.663  0000002  000.549  0000003  006.380  0000009
0141.13  001.665  0000002  000.553  0000001  006.405  0000010
0142.15  001.660  0000001  000.549  0000000  006.388  0000004
0143.15  001.649  0000000  000.545  0000000  006.371  0000004
0144.13  001.644  0000001  000.541  0000000  006.362  0000005
0145.15  001.647  0000002  000.537  0000000  006.345  0000004
0146.13  001.642  0000001  000.534  0000000  006.344  0000006
0147.13  001.631  0000000  000.530  0000000  006.328  0000004
0148.15  001.627  0000001  000.526  0000000  006.298  0000002
0149.15  001.616  0000000  000.523  0000000  006.282  0000004
0150.15  001.612  0000001  000.519  0000000  006.260  0000003
0151.15  001.601  0000000  000.523  0000001  006.272  0000008
0152.13  001.604  0000002  000.519  0000000  006.277  0000007
0153.15  001.613  0000003  000.516  0000000  006.294  0000009
0154.15  001.602  0000000  000.512  0000000  006.267  0000002
0155.15  001.592  0000000  000.509  0000000  006.226  0000000
0156.15  001.588  0000001  000.512  0000001  006.238  0000008
0157.17  001.597  0000003  000.522  0000002  006.274  0000012
0158.15  001.593  0000001  000.518  0000000  006.260  0000004
0159.15  001.596  0000002  000.522  0000001  006.271  0000008
0160.15  001.586  0000000  000.518  0000000  006.244  0000002
0161.15  001.576  0000000  000.515  0000000  006.218  0000002
0162.15  001.585  0000003  000.512  0000000  006.229  0000008
0163.17  001.575  0000000  000.509  0000000  006.215  0000004
0164.17  001.578  0000002  000.506  0000000  006.231  0000009
0165.17  001.580  0000002  000.503  0000000  006.236  0000007
0166.15  001.571  0000000  000.506  0000001  006.235  0000006
0167.17  001.567  0000001  000.508  0000001  006.233  0000006
0168.17  001.558  0000000  000.505  0000000  006.214  0000003
0169.17  001.561  0000002  000.502  0000000  006.213  0000006
0170.17  001.569  0000003  000.500  0000000  006.217  0000007
0171.17  001.577  0000003  000.514  0000003  006.240  0000010
0172.17  001.574  0000001  000.511  0000000  006.232  0000005
0173.17  001.571  0000001  000.520  0000002  006.225  0000005
0174.17  001.562  0000000  000.517  0000000  006.189  0000000
0175.17  001.570  0000003  000.514  0000000  006.200  0000008
0176.18  001.572  0000002  000.522  0000002  006.215  0000009
0177.18  001.575  0000002  000.519  0000000  006.220  0000007
0178.17  001.566  0000000  000.516  0000000  006.208  0000004
0179.17  001.557  0000000  000.525  0000002  006.218  0000008
0180.18  001.565  0000003  000.527  0000001  006.233  0000009
0181.18  001.567  0000002  000.524  0000000  006.248  0000009
0182.18  001.564  0000001  000.521  0000000  006.230  0000003
0183.18  001.561  0000001  000.519  0000000  006.223  0000005
0184.17  001.553  0000000  000.521  0000001  006.212  0000004
0185.18  001.550  0000001  000.529  0000002  006.232  0000010
0186.18  001.541  0000000  000.526  0000000  006.209  0000002
0187.18  001.544  0000002  000.524  0000000  006.213  0000007
0188.18  001.546  0000002  000.521  0000000  006.217  0000007
0189.20  001.549  0000002  000.523  0000001  006.216  0000006
0190.18  001.546  0000001  000.526  0000001  006.231  0000009
0191.18  001.548  0000002  000.523  0000000  006.235  0000007
0192.18  001.556  0000003  000.526  0000001  006.249  0000009
0193.20  001.558  0000002  000.523  0000000  006.253  0000007
0194.20  001.555  0000001  000.525  0000001  006.272  0000010
0195.18  001.568  0000004  000.533  0000002  006.312  0000014
0196.18  001.565  0000001  000.535  0000001  006.321  0000008
0197.18  001.557  0000000  000.538  0000001  006.314  0000005
0198.20  001.564  0000003  000.535  0000000  006.327  0000009
0199.20  001.561  0000001  000.532  0000000  006.310  0000003
0200.20  001.558  0000001  000.529  0000000  006.294  0000003
0201.20  001.551  0000000  000.527  0000000  006.277  0000003
0202.20  001.558  0000003  000.529  0000001  006.296  0000010
0203.20  001.550  0000000  000.527  0000000  006.275  0000002
0204.20  001.548  0000001  000.529  0000001  006.278  0000007
0205.20  001.545  0000001  000.526  0000000  006.262  0000003
0206.20  001.542  0000001  000.524  0000000  006.256  0000005
0207.20  001.535  0000000  000.521  0000000  006.236  0000002
0208.22  001.537  0000002  000.519  0000000  006.243  0000008
0209.22  001.539  0000002  000.516  0000000  006.238  0000005
0210.20  001.537  0000001  000.514  0000000  006.246  0000008
0211.20  001.534  0000001  000.511  0000000  006.241  0000005
0212.20  001.536  0000002  000.509  0000000  006.244  0000007
0213.22  001.538  0000002  000.511  0000001  006.252  0000008
0214.22  001.536  0000001  000.518  0000002  006.260  0000008
0215.22  001.529  0000000  000.520  0000001  006.250  0000004
0216.20  001.522  0000000  000.518  0000000  006.235  0000003
0217.22  001.519  0000001  000.516  0000000  006.238  0000007
0218.22  001.517  0000001  000.518  0000001  006.246  0000008
0219.22  001.510  0000000  000.515  0000000  006.231  0000003
0220.22  001.503  0000000  000.513  0000000  006.208  0000001
0221.23  001.496  0000000  000.511  0000000  006.197  0000004
0222.22  001.503  0000003  000.509  0000000  006.206  0000008
0223.22  001.501  0000001  000.506  0000000  006.200  0000005
0224.22  001.499  0000001  000.504  0000000  006.186  0000003
0225.22  001.496  0000001  000.502  0000000  006.167  0000002
0226.23  001.490  0000000  000.504  0000001  006.157  0000004
0227.22  001.488  0000001  000.506  0000001  006.157  0000006
Group 2 Stopped 6/7/2021  18:41:15
 
Count Summary
C:RaDeCC\DataRaDeCC.sum
Runtime  CPM219   Cnt219  CPM220   Cnt220  CPMTot   CntTot
0227.55  001.499  000341  000.505  000115  006.174  001405
System Number 2
(219:Delay= 0.01 Window= 5.6)(220:Delay= 5.61 Window= 600)
Eff Last Updated  15Jan13  219= Uset  220= Uset  Tot= Uset

