C:\RaDeCC\Data\AL557_062021\070621_orange_Blank_223STD.txt
Start Time 6/7/2021  14:03:38
Runtime  CPM219   Cnt219   CPM220   Cnt220   CPMTot   CntTot
0001.00  000.000  0000000  000.000  0000000  000.000  0000000
0002.00  000.000  0000000  000.000  0000000  000.000  0000000
0002.98  000.000  0000000  000.000  0000000  000.335  0000001
0004.00  000.000  0000000  000.000  0000000  000.750  0000002
0005.00  000.000  0000000  000.000  0000000  000.600  0000000
0006.00  000.000  0000000  000.000  0000000  000.667  0000001
0007.00  000.000  0000000  000.000  0000000  000.714  0000001
0008.00  000.000  0000000  000.000  0000000  000.750  0000001
0009.00  000.000  0000000  000.000  0000000  000.667  0000000
0010.00  000.000  0000000  000.000  0000000  000.700  0000001
0011.00  000.000  0000000  000.000  0000000  000.818  0000002
0012.00  000.000  0000000  000.000  0000000  000.833  0000001
0013.02  000.000  0000000  000.000  0000000  000.999  0000003
0014.02  000.000  0000000  000.000  0000000  000.927  0000000
0015.00  000.000  0000000  000.000  0000000  000.933  0000001
0016.00  000.000  0000000  000.000  0000000  001.000  0000002
0017.02  000.000  0000000  000.000  0000000  000.940  0000000
0018.02  000.000  0000000  000.000  0000000  000.944  0000001
0019.02  000.000  0000000  000.000  0000000  000.894  0000000
0020.02  000.000  0000000  000.000  0000000  000.999  0000003
0021.00  000.000  0000000  000.000  0000000  001.048  0000002
0022.02  000.000  0000000  000.000  0000000  001.045  0000001
0023.02  000.000  0000000  000.000  0000000  000.999  0000000
Group 2 Stopped 6/7/2021  14:26:52
 
Count Summary
C:RaDeCC\DataRaDeCC.sum
Runtime  CPM219   Cnt219  CPM220   Cnt220  CPMTot   CntTot
0023.23  000.000  000000  000.000  000000  001.033  000024
System Number 2
(219:Delay= 0.01 Window= 5.6)(220:Delay= 5.61 Window= 600)
Eff Last Updated  15Jan13  219= Uset  220= Uset  Tot= Uset

