C:\RaDeCC\Data\081121_green(4)_Standard223.txt
Start Time 08/11/2021  10:56:28
Runtime  CPM219   Cnt219   CPM220   Cnt220   CPMTot   CntTot
0001.00  004.000  0000004  000.000  0000000  009.000  0000009
0002.00  003.000  0000002  000.000  0000000  007.500  0000006
0003.00  003.333  0000004  000.000  0000000  008.000  0000009
0004.00  003.250  0000003  000.000  0000000  008.250  0000009
0005.00  002.800  0000001  000.200  0000001  008.200  0000008
0006.00  002.500  0000001  000.167  0000000  007.500  0000004
0007.00  002.714  0000004  000.429  0000002  008.286  0000013
0008.00  002.500  0000001  000.375  0000000  007.500  0000002
0009.00  002.333  0000001  000.333  0000000  007.000  0000003
0010.00  002.300  0000002  000.300  0000000  006.800  0000005
0011.02  002.088  0000000  000.272  0000000  006.263  0000001
0012.02  002.164  0000003  000.250  0000000  006.325  0000007
0013.00  002.077  0000001  000.231  0000000  006.077  0000003
0014.00  002.000  0000001  000.214  0000000  005.786  0000002
0015.00  002.133  0000004  000.200  0000000  005.933  0000008
0016.02  002.248  0000004  000.312  0000002  006.618  0000017
0017.02  002.116  0000000  000.294  0000000  006.347  0000002
0018.02  002.165  0000003  000.333  0000001  006.494  0000009
0019.00  002.105  0000001  000.316  0000000  006.316  0000003
0020.02  002.298  0000006  000.400  0000002  006.844  0000017
0021.02  002.284  0000002  000.523  0000003  006.852  0000007
0022.02  002.407  0000005  000.545  0000001  007.222  0000015
0023.02  002.346  0000001  000.565  0000001  007.125  0000005
0024.03  002.288  0000001  000.583  0000001  007.157  0000008
0025.02  002.239  0000001  000.600  0000001  007.075  0000005
0026.02  002.152  0000000  000.577  0000000  006.996  0000005
0027.02  002.221  0000004  000.555  0000000  007.107  0000010
0028.02  002.249  0000003  000.571  0000001  007.174  0000009
0029.03  002.239  0000002  000.551  0000000  007.061  0000004
0030.02  002.299  0000004  000.533  0000000  007.196  0000011
0031.02  002.289  0000002  000.516  0000000  007.190  0000007
0032.02  002.249  0000001  000.500  0000000  007.059  0000003
0033.03  002.210  0000001  000.605  0000004  007.114  0000009
0034.03  002.262  0000004  000.588  0000000  007.169  0000009
0035.03  002.369  0000006  000.571  0000000  007.336  0000013
0036.02  002.388  0000003  000.555  0000000  007.330  0000007
0037.03  002.403  0000003  000.540  0000000  007.291  0000006
0038.03  002.340  0000000  000.526  0000000  007.099  0000000
0039.03  002.306  0000001  000.512  0000000  007.071  0000006
0040.03  002.248  0000000  000.500  0000000  006.894  0000000
0041.03  002.218  0000001  000.487  0000000  006.799  0000003
0042.03  002.213  0000002  000.476  0000000  006.804  0000007
0043.03  002.208  0000002  000.465  0000000  006.739  0000004
0044.03  002.157  0000000  000.454  0000000  006.631  0000002
0045.03  002.110  0000000  000.466  0000001  006.617  0000006
0046.05  002.085  0000001  000.456  0000000  006.558  0000004
0047.05  002.083  0000002  000.446  0000000  006.504  0000004
0048.03  002.061  0000001  000.458  0000001  006.495  0000006
0049.03  002.060  0000002  000.469  0000001  006.526  0000008
0050.05  002.038  0000001  000.460  0000000  006.533  0000007
0051.05  002.018  0000001  000.451  0000000  006.503  0000005
0052.05  001.998  0000001  000.442  0000000  006.436  0000003
0053.05  002.036  0000004  000.452  0000001  006.541  0000012
0054.03  001.999  0000000  000.444  0000000  006.422  0000000
0055.05  001.980  0000001  000.436  0000000  006.340  0000002
0056.05  001.963  0000001  000.446  0000001  006.334  0000006
0057.05  001.946  0000001  000.456  0000001  006.310  0000005
0058.05  001.912  0000000  000.448  0000000  006.270  0000004
0059.07  001.913  0000002  000.491  0000003  006.332  0000010
0060.05  001.898  0000001  000.483  0000000  006.295  0000004
0061.05  001.867  0000000  000.475  0000000  006.224  0000002
0062.05  001.853  0000001  000.483  0000001  006.189  0000004
0063.07  001.871  0000003  000.507  0000002  006.232  0000009
0064.07  001.889  0000003  000.499  0000000  006.259  0000008
0065.07  001.936  0000005  000.492  0000000  006.332  0000011
0066.05  001.953  0000003  000.500  0000001  006.389  0000010
0067.05  001.954  0000002  000.507  0000001  006.428  0000009
0068.07  001.925  0000000  000.500  0000000  006.376  0000003
0069.07  001.897  0000000  000.492  0000000  006.298  0000001
0070.07  001.884  0000001  000.500  0000001  006.308  0000007
0071.05  001.872  0000001  000.493  0000000  006.249  0000002
0072.07  001.901  0000004  000.486  0000000  006.272  0000008
0073.07  001.875  0000000  000.479  0000000  006.241  0000004
0074.07  001.863  0000001  000.473  0000000  006.197  0000003
0075.07  001.852  0000001  000.480  0000001  006.194  0000006
0076.08  001.880  0000004  000.473  0000000  006.243  0000010
0077.07  001.869  0000001  000.467  0000000  006.215  0000004
0078.07  001.857  0000001  000.461  0000000  006.174  0000003
0079.07  001.834  0000000  000.455  0000000  006.109  0000001
0080.07  001.823  0000001  000.450  0000000  006.107  0000006
0081.08  001.813  0000001  000.456  0000001  006.080  0000004
0082.08  001.815  0000002  000.451  0000000  006.091  0000007
0083.07  001.806  0000001  000.445  0000000  006.067  0000004
0084.07  001.808  0000002  000.452  0000001  006.090  0000008
0085.08  001.786  0000000  000.447  0000000  006.018  0000000
0086.08  001.801  0000003  000.441  0000000  006.052  0000009
0087.08  001.780  0000000  000.436  0000000  006.017  0000003
0088.08  001.760  0000000  000.431  0000000  005.994  0000004
0089.08  001.762  0000002  000.427  0000000  005.983  0000005
0090.08  001.754  0000001  000.433  0000001  005.983  0000006
0091.08  001.746  0000001  000.439  0000001  005.962  0000004
0092.08  001.727  0000000  000.434  0000000  005.897  0000000
0093.08  001.719  0000001  000.451  0000002  005.909  0000007
0094.10  001.711  0000001  000.446  0000000  005.877  0000003
0095.08  001.725  0000003  000.484  0000004  005.921  0000010
0096.08  001.738  0000003  000.479  0000000  005.922  0000006
0097.08  001.741  0000002  000.505  0000003  005.954  0000009
0098.10  001.723  0000000  000.499  0000000  005.902  0000001
0099.10  001.705  0000000  000.494  0000000  005.863  0000002
0100.10  001.698  0000001  000.490  0000000  005.824  0000002
0101.08  001.761  0000008  000.514  0000003  005.955  0000019
0102.10  001.792  0000005  000.539  0000003  006.033  0000014
0103.10  001.775  0000000  000.533  0000000  005.994  0000002
0104.10  001.768  0000001  000.548  0000002  006.004  0000007
0105.10  001.760  0000001  000.542  0000000  005.994  0000005
0106.10  001.762  0000002  000.547  0000001  006.013  0000008
0107.10  001.774  0000003  000.542  0000000  006.013  0000006
0108.10  001.795  0000004  000.564  0000003  006.105  0000016
0109.10  001.778  0000000  000.559  0000000  006.068  0000002
0110.10  001.771  0000001  000.554  0000000  006.049  0000004
0111.12  001.764  0000001  000.558  0000001  006.039  0000005
0112.12  001.775  0000003  000.553  0000000  006.092  0000012
0113.10  001.768  0000001  000.548  0000000  006.074  0000004
0114.10  001.762  0000001  000.552  0000001  006.074  0000006
0115.12  001.746  0000000  000.547  0000000  006.037  0000002
0116.12  001.740  0000001  000.543  0000000  006.028  0000005
0117.12  001.742  0000002  000.546  0000001  006.037  0000007
0118.10  001.736  0000001  000.559  0000002  006.046  0000007
0119.10  001.730  0000001  000.554  0000000  006.029  0000004
0120.12  001.723  0000001  000.549  0000000  006.036  0000007
0121.12  001.734  0000003  000.545  0000000  006.036  0000006
0122.12  001.736  0000002  000.549  0000001  006.060  0000009
0123.12  001.754  0000004  000.552  0000001  006.108  0000012
0124.12  001.756  0000002  000.548  0000000  006.091  0000004
0125.12  001.758  0000002  000.543  0000000  006.090  0000006
0126.12  001.768  0000003  000.539  0000000  006.105  0000008
0127.12  001.754  0000000  000.535  0000000  006.081  0000003
0128.13  001.756  0000002  000.531  0000000  006.080  0000006
0129.13  001.773  0000004  000.527  0000000  006.118  0000011
0130.12  001.768  0000001  000.523  0000000  006.102  0000004
0131.12  001.762  0000001  000.519  0000000  006.079  0000003
0132.12  001.771  0000003  000.522  0000001  006.101  0000009
0133.13  001.773  0000002  000.518  0000000  006.114  0000008
0134.13  001.759  0000000  000.522  0000001  006.098  0000004
0135.13  001.761  0000002  000.518  0000000  006.083  0000004
0136.12  001.771  0000003  000.522  0000001  006.112  0000010
0137.13  001.757  0000000  000.518  0000000  006.067  0000000
0138.13  001.745  0000000  000.528  0000002  006.067  0000006
0139.13  001.739  0000001  000.532  0000001  006.059  0000005
0140.13  001.741  0000002  000.528  0000000  006.059  0000006
0141.15  001.729  0000000  000.524  0000000  006.036  0000003
0142.13  001.745  0000004  000.549  0000004  006.100  0000015
0143.13  001.747  0000002  000.545  0000000  006.113  0000008
0144.13  001.741  0000001  000.541  0000000  006.105  0000005
0145.13  001.743  0000002  000.537  0000000  006.098  0000005
0146.15  001.758  0000004  000.534  0000000  006.110  0000008
0147.15  001.753  0000001  000.530  0000000  006.089  0000003
0148.13  001.748  0000001  000.533  0000001  006.082  0000005
0149.13  001.764  0000004  000.530  0000000  006.109  0000010
0150.15  001.785  0000005  000.526  0000000  006.141  0000011
0151.15  001.773  0000000  000.523  0000000  006.146  0000007
0152.15  001.768  0000001  000.526  0000001  006.158  0000008
0153.15  001.783  0000004  000.522  0000000  006.177  0000009
0154.15  001.784  0000002  000.551  0000005  006.234  0000015
0155.15  001.779  0000001  000.548  0000000  006.213  0000003
0156.15  001.793  0000004  000.576  0000005  006.276  0000016
0157.15  001.807  0000004  000.573  0000000  006.300  0000010
0158.15  001.796  0000000  000.588  0000003  006.310  0000008
0159.17  001.784  0000000  000.591  0000001  006.302  0000005
0160.15  001.786  0000002  000.606  0000003  006.350  0000014
0161.15  001.793  0000003  000.602  0000000  006.348  0000006
0162.15  001.813  0000005  000.623  0000004  006.401  0000015
0163.17  001.802  0000000  000.619  0000000  006.374  0000002
0164.17  001.803  0000002  000.615  0000000  006.359  0000004
0165.15  001.804  0000002  000.612  0000000  006.364  0000007
0166.15  001.794  0000000  000.614  0000001  006.350  0000004
0167.17  001.801  0000003  000.610  0000000  006.353  0000007
0168.17  001.802  0000002  000.612  0000001  006.369  0000009
0169.17  001.809  0000003  000.609  0000000  006.384  0000009
0170.17  001.798  0000000  000.605  0000000  006.364  0000003
0171.15  001.800  0000002  000.608  0000001  006.363  0000006
0172.17  001.801  0000002  000.610  0000001  006.378  0000009
0173.17  001.813  0000004  000.618  0000002  006.398  0000010
0174.17  001.814  0000002  000.620  0000001  006.408  0000008
0175.17  001.821  0000003  000.617  0000000  006.422  0000009
0176.18  001.811  0000000  000.619  0000001  006.419  0000006
0177.17  001.806  0000001  000.615  0000000  006.395  0000002
0178.17  001.819  0000004  000.623  0000002  006.443  0000015
0179.17  001.808  0000000  000.620  0000000  006.413  0000001
0180.18  001.815  0000003  000.638  0000004  006.460  0000015
0181.18  001.821  0000003  000.651  0000003  006.469  0000008
0182.18  001.822  0000002  000.648  0000000  006.472  0000007
0183.17  001.823  0000002  000.644  0000000  006.486  0000009
0184.17  001.830  0000003  000.657  0000003  006.516  0000012
0185.18  001.841  0000004  000.653  0000000  006.545  0000012
0186.18  001.842  0000002  000.650  0000000  006.553  0000008
0187.18  001.832  0000000  000.646  0000000  006.523  0000001
0188.18  001.839  0000003  000.643  0000000  006.520  0000006
0189.18  001.839  0000002  000.640  0000000  006.512  0000005
0190.18  001.846  0000003  000.641  0000001  006.525  0000009
0191.18  001.852  0000003  000.638  0000000  006.533  0000008
0192.18  001.842  0000000  000.635  0000000  006.499  0000000
0193.20  001.837  0000001  000.642  0000002  006.496  0000006
0194.20  001.843  0000003  000.639  0000000  006.509  0000009
0195.18  001.844  0000002  000.635  0000000  006.507  0000006
0196.18  001.835  0000000  000.632  0000000  006.499  0000005
0197.18  001.826  0000000  000.629  0000000  006.481  0000003
0198.20  001.831  0000003  000.626  0000000  006.493  0000009
0199.20  001.827  0000001  000.622  0000000  006.481  0000004
0200.20  001.828  0000002  000.619  0000000  006.479  0000006
0201.18  001.829  0000002  000.616  0000000  006.472  0000005
0202.20  001.830  0000002  000.618  0000001  006.479  0000008
0203.20  001.826  0000001  000.615  0000000  006.481  0000007
0204.20  001.827  0000002  000.617  0000001  006.494  0000009
0205.20  001.827  0000002  000.624  0000002  006.486  0000005
0206.22  001.818  0000000  000.621  0000000  006.459  0000001
0207.20  001.815  0000001  000.618  0000000  006.453  0000005
0208.20  001.811  0000001  000.615  0000000  006.446  0000005
0209.20  001.802  0000000  000.612  0000000  006.420  0000001
0210.20  001.798  0000001  000.614  0000001  006.418  0000006
0211.22  001.804  0000003  000.625  0000003  006.439  0000011
0212.20  001.814  0000004  000.622  0000000  006.451  0000009
0213.20  001.806  0000000  000.619  0000000  006.421  0000000
0214.20  001.797  0000000  000.616  0000000  006.396  0000001
0215.22  001.803  0000003  000.613  0000000  006.407  0000009
0216.22  001.813  0000004  000.610  0000000  006.424  0000010
0217.22  001.814  0000002  000.631  0000005  006.450  0000012
0218.20  001.815  0000002  000.632  0000001  006.457  0000008
0219.22  001.825  0000004  000.639  0000002  006.482  0000012
0220.22  001.816  0000000  000.636  0000000  006.457  0000001
0221.22  001.822  0000003  000.633  0000000  006.455  0000006
0222.22  001.818  0000001  000.630  0000000  006.440  0000003
0223.22  001.814  0000001  000.627  0000000  006.429  0000004
0224.23  001.806  0000000  000.624  0000000  006.426  0000006
0225.22  001.812  0000003  000.622  0000000  006.425  0000006
0226.22  001.808  0000001  000.619  0000000  006.419  0000005
0227.22  001.809  0000002  000.616  0000000  006.421  0000007
0228.22  001.810  0000002  000.613  0000000  006.424  0000007
Group 3 Stopped 08/11/2021  14:45:28
 
Count Summary
C:\RaDeCC\Data\RaDeCC.sum
Runtime  CPM219   Cnt219  CPM220   Cnt220  CPMTot   CntTot
0229.00  001.803  000413  000.611  000140  006.410  001468
System Number 3
(219:Delay= 0.01 Window= 5.6)(220:Delay= 5.61 Window= 600)
Eff Last Updated  15Jan13  219= Uset  220= Uset  Tot= Uset

