C:\RaDeCC\Data\AL557_062021\300621_grey_blankStandard224Ra.txt
Start Time 6/30/2021  11:52:26
Runtime  CPM219   Cnt219   CPM220   Cnt220   CPMTot   CntTot
0001.00  000.000  0000000  000.000  0000000  001.000  0000001
0002.00  000.000  0000000  000.000  0000000  000.500  0000000
0003.00  000.000  0000000  000.000  0000000  000.667  0000001
0004.00  000.000  0000000  000.000  0000000  000.500  0000000
0005.00  000.000  0000000  000.000  0000000  000.600  0000001
0006.00  000.000  0000000  000.000  0000000  000.667  0000001
0007.02  000.000  0000000  000.000  0000000  000.713  0000001
0008.00  000.000  0000000  000.000  0000000  000.625  0000000
0009.00  000.000  0000000  000.000  0000000  000.778  0000002
0010.00  000.000  0000000  000.000  0000000  000.800  0000001
0011.02  000.000  0000000  000.000  0000000  000.726  0000000
0012.02  000.000  0000000  000.000  0000000  000.666  0000000
0013.02  000.000  0000000  000.000  0000000  000.615  0000000
0014.00  000.000  0000000  000.000  0000000  000.571  0000000
0015.03  000.000  0000000  000.000  0000000  000.532  0000000
0016.03  000.000  0000000  000.000  0000000  000.561  0000001
0017.03  000.000  0000000  000.000  0000000  000.528  0000000
0018.03  000.000  0000000  000.000  0000000  000.499  0000000
0019.03  000.000  0000000  000.000  0000000  000.525  0000001
0020.03  000.000  0000000  000.000  0000000  000.549  0000001
0021.03  000.000  0000000  000.000  0000000  000.571  0000001
0022.03  000.000  0000000  000.000  0000000  000.545  0000000
0023.03  000.000  0000000  000.000  0000000  000.564  0000001
0024.05  000.000  0000000  000.000  0000000  000.541  0000000
0025.05  000.000  0000000  000.000  0000000  000.519  0000000
0026.03  000.000  0000000  000.000  0000000  000.538  0000001
0027.03  000.000  0000000  000.000  0000000  000.518  0000000
0028.05  000.000  0000000  000.000  0000000  000.499  0000000
0029.05  000.000  0000000  000.000  0000000  000.482  0000000
0030.05  000.000  0000000  000.000  0000000  000.499  0000001
Group 1 Stopped 6/30/2021  12:23:11
 
Count Summary
C:RaDeCC\DataRaDeCC.sum
Runtime  CPM219   Cnt219  CPM220   Cnt220  CPMTot   CntTot
0030.75  000.000  000000  000.000  000000  000.488  000015
System Number 1
(219:Delay= 0.01 Window= 5.6)(220:Delay= 5.61 Window= 600)
Eff Last Updated  15Jan13  219= Uset  220= Uset  Tot= Uset

