C:\RaDeCC\Data\AL557_062021\300621_orange_Standard223Ra.txt
Start Time 6/30/2021  13:02:45
Runtime  CPM219   Cnt219   CPM220   Cnt220   CPMTot   CntTot
0001.00  001.000  0000001  000.000  0000000  002.000  0000002
0002.00  001.500  0000002  000.500  0000001  004.000  0000006
0003.00  001.000  0000000  000.333  0000000  002.667  0000000
0004.00  000.750  0000000  000.250  0000000  002.750  0000003
0005.00  000.600  0000000  000.400  0000001  002.800  0000003
0006.00  000.833  0000002  000.667  0000002  003.000  0000004
0007.00  001.000  0000002  000.571  0000000  003.286  0000005
0008.00  001.250  0000003  000.500  0000000  003.750  0000007
0009.02  001.220  0000001  000.444  0000000  003.660  0000003
0010.02  001.098  0000000  000.399  0000000  003.394  0000001
0011.00  001.000  0000000  000.455  0000001  003.364  0000003
0012.00  000.917  0000000  000.417  0000000  003.083  0000000
0013.00  000.923  0000001  000.385  0000000  003.154  0000004
0014.02  000.999  0000002  000.357  0000000  003.282  0000005
0015.03  000.931  0000000  000.399  0000001  003.259  0000003
0016.03  000.998  0000002  000.374  0000000  003.306  0000004
0017.03  000.998  0000001  000.352  0000000  003.523  0000007
0018.03  000.998  0000001  000.388  0000001  003.715  0000007
0019.02  000.999  0000001  000.473  0000002  004.049  0000010
0020.03  000.948  0000000  000.449  0000000  003.844  0000000
0021.03  000.951  0000001  000.428  0000000  003.851  0000004
0022.03  000.953  0000001  000.454  0000001  003.858  0000004
0023.03  000.955  0000001  000.478  0000001  003.907  0000005
0024.03  001.082  0000004  000.458  0000000  004.202  0000011
0025.03  001.039  0000000  000.439  0000000  004.075  0000001
0026.03  000.999  0000000  000.423  0000000  003.956  0000001
0027.03  000.962  0000000  000.407  0000000  003.847  0000001
0028.05  000.963  0000001  000.392  0000000  003.815  0000003
0029.05  000.964  0000001  000.379  0000000  003.821  0000004
0030.03  000.932  0000000  000.366  0000000  003.696  0000000
0031.03  000.934  0000001  000.354  0000000  003.738  0000005
0032.03  000.937  0000001  000.343  0000000  003.746  0000004
0033.05  000.938  0000001  000.333  0000000  003.752  0000004
0034.05  000.940  0000001  000.323  0000000  003.818  0000006
0035.05  000.970  0000002  000.371  0000002  003.909  0000007
0036.03  000.999  0000002  000.361  0000000  003.941  0000005
0037.05  001.053  0000003  000.351  0000000  003.995  0000006
0038.05  001.025  0000000  000.342  0000000  003.995  0000004
0039.05  000.999  0000000  000.333  0000000  003.892  0000000
0040.05  000.999  0000001  000.325  0000000  003.895  0000004
0041.07  001.023  0000002  000.341  0000001  003.969  0000007
0042.05  001.046  0000002  000.333  0000000  003.971  0000004
0043.05  001.022  0000000  000.325  0000000  003.926  0000002
0044.05  001.022  0000001  000.318  0000000  003.973  0000006
0045.05  000.999  0000000  000.311  0000000  003.951  0000003
0046.07  000.999  0000001  000.304  0000000  003.929  0000003
0047.07  001.020  0000002  000.297  0000000  003.994  0000007
0048.05  001.020  0000001  000.291  0000000  003.975  0000003
0049.05  001.040  0000002  000.306  0000001  004.037  0000007
0050.07  001.019  0000000  000.340  0000002  004.075  0000006
0051.07  001.038  0000002  000.352  0000001  004.132  0000007
0052.07  001.076  0000003  000.365  0000001  004.225  0000009
0053.07  001.093  0000002  000.396  0000002  004.353  0000011
0054.07  001.110  0000002  000.388  0000000  004.365  0000005
0055.07  001.126  0000002  000.381  0000000  004.395  0000006
0056.07  001.106  0000000  000.375  0000000  004.370  0000003
0057.07  001.104  0000001  000.386  0000001  004.381  0000005
0058.07  001.119  0000002  000.379  0000000  004.392  0000005
0059.08  001.100  0000000  000.372  0000000  004.350  0000002
0060.07  001.082  0000000  000.366  0000000  004.295  0000001
0061.07  001.064  0000000  000.360  0000000  004.258  0000002
0062.07  001.063  0000001  000.371  0000001  004.286  0000006
0063.08  001.078  0000002  000.396  0000002  004.423  0000013
0064.08  001.108  0000003  000.390  0000000  004.447  0000006
0065.08  001.106  0000001  000.384  0000000  004.410  0000002
0066.07  001.105  0000001  000.378  0000000  004.405  0000004
0067.08  001.103  0000001  000.373  0000000  004.442  0000007
0068.08  001.102  0000001  000.367  0000000  004.436  0000004
0069.08  001.115  0000002  000.376  0000001  004.473  0000007
0070.08  001.127  0000002  000.371  0000000  004.466  0000004
0071.07  001.140  0000002  000.380  0000001  004.489  0000006
0072.08  001.124  0000000  000.375  0000000  004.425  0000000
0073.08  001.136  0000002  000.369  0000000  004.433  0000005
0074.08  001.161  0000003  000.364  0000000  004.468  0000007
0075.08  001.172  0000002  000.360  0000000  004.488  0000006
0076.10  001.170  0000001  000.368  0000001  004.494  0000005
0077.08  001.181  0000002  000.376  0000001  004.541  0000008
0078.08  001.165  0000000  000.371  0000000  004.508  0000002
0079.08  001.163  0000001  000.367  0000000  004.514  0000005
0080.10  001.174  0000002  000.375  0000001  004.557  0000008
0081.10  001.184  0000002  000.370  0000000  004.562  0000005
0082.10  001.206  0000003  000.365  0000000  004.604  0000008
0083.08  001.216  0000002  000.361  0000000  004.622  0000006
0084.08  001.225  0000002  000.381  0000002  004.686  0000010
0085.10  001.222  0000001  000.376  0000000  004.677  0000004
0086.10  001.208  0000000  000.372  0000000  004.669  0000004
0087.10  001.251  0000005  000.367  0000000  004.742  0000011
0088.10  001.249  0000001  000.363  0000000  004.745  0000005
0089.10  001.235  0000000  000.359  0000000  004.725  0000003
0090.10  001.232  0000001  000.355  0000000  004.728  0000005
0091.10  001.240  0000002  000.351  0000000  004.753  0000007
0092.10  001.227  0000000  000.358  0000001  004.767  0000006
0093.12  001.224  0000001  000.354  0000000  004.757  0000004
0094.12  001.254  0000004  000.351  0000000  004.824  0000011
0095.10  001.262  0000002  000.347  0000000  004.837  0000006
0096.10  001.259  0000001  000.343  0000000  004.839  0000005
0097.10  001.246  0000000  000.340  0000000  004.830  0000004
0098.12  001.243  0000001  000.336  0000000  004.811  0000003
0099.12  001.241  0000001  000.333  0000000  004.813  0000005
0100.12  001.239  0000001  000.330  0000000  004.804  0000004
0101.10  001.246  0000002  000.326  0000000  004.797  0000004
0102.12  001.234  0000000  000.323  0000000  004.759  0000001
0103.12  001.241  0000002  000.349  0000003  004.791  0000008
0104.12  001.239  0000001  000.346  0000000  004.783  0000004
0105.12  001.237  0000001  000.352  0000001  004.785  0000005
0106.13  001.234  0000001  000.349  0000000  004.786  0000005
0107.12  001.242  0000002  000.383  0000004  004.827  0000009
0108.12  001.249  0000002  000.388  0000001  004.865  0000009
0109.12  001.265  0000003  000.394  0000001  004.903  0000009
0110.12  001.262  0000001  000.390  0000000  004.922  0000007
0111.12  001.260  0000001  000.387  0000000  004.905  0000003
0112.12  001.284  0000004  000.401  0000002  004.968  0000012
0113.13  001.282  0000001  000.398  0000000  004.950  0000003
0114.13  001.297  0000003  000.394  0000000  004.977  0000008
0115.12  001.312  0000003  000.391  0000000  005.004  0000008
0116.12  001.309  0000001  000.388  0000000  005.012  0000006
0117.13  001.306  0000001  000.393  0000001  005.028  0000007
0118.13  001.304  0000001  000.389  0000000  005.011  0000003
0119.13  001.293  0000000  000.386  0000000  004.978  0000001
0120.13  001.299  0000002  000.391  0000001  004.986  0000006
0121.13  001.313  0000003  000.388  0000000  005.011  0000008
0122.13  001.318  0000002  000.393  0000001  005.052  0000010
0123.13  001.308  0000000  000.390  0000000  005.027  0000002
0124.13  001.305  0000001  000.387  0000000  005.003  0000002
0125.13  001.311  0000002  000.384  0000000  005.003  0000005
0126.15  001.308  0000001  000.380  0000000  004.994  0000004
0127.13  001.314  0000002  000.378  0000000  004.995  0000005
0128.13  001.327  0000003  000.375  0000000  005.003  0000006
0129.13  001.324  0000001  000.379  0000001  005.003  0000005
0130.15  001.314  0000000  000.384  0000001  004.979  0000002
0131.15  001.304  0000000  000.396  0000002  004.994  0000007
0132.15  001.294  0000000  000.393  0000000  004.964  0000001
0133.13  001.284  0000000  000.391  0000000  004.950  0000003
0134.15  001.282  0000001  000.388  0000000  004.950  0000005
0135.15  001.280  0000001  000.385  0000000  004.935  0000003
0136.15  001.271  0000000  000.382  0000000  004.906  0000001
0137.15  001.261  0000000  000.386  0000001  004.900  0000004
0138.15  001.260  0000001  000.398  0000002  004.922  0000008
0139.15  001.286  0000005  000.395  0000000  004.966  0000011
0140.15  001.299  0000003  000.392  0000000  004.973  0000006
0141.15  001.296  0000001  000.397  0000001  005.002  0000009
0142.15  001.287  0000000  000.394  0000000  004.988  0000003
0143.17  001.285  0000001  000.391  0000000  004.966  0000002
0144.15  001.276  0000000  000.388  0000000  004.932  0000000
0145.15  001.288  0000003  000.406  0000003  004.960  0000009
0146.15  001.286  0000001  000.404  0000000  004.961  0000005
0147.17  001.291  0000002  000.401  0000000  004.960  0000005
0148.17  001.289  0000001  000.398  0000000  004.954  0000004
0149.17  001.287  0000001  000.396  0000000  004.954  0000005
0150.15  001.292  0000002  000.393  0000000  004.962  0000006
0151.15  001.297  0000002  000.390  0000000  004.975  0000007
0152.17  001.288  0000000  000.394  0000001  004.988  0000007
0153.17  001.286  0000001  000.398  0000001  004.988  0000005
0154.17  001.284  0000001  000.396  0000000  004.975  0000003
0155.17  001.302  0000004  000.400  0000001  005.033  0000014
0156.17  001.306  0000002  000.397  0000000  005.039  0000006
0157.18  001.304  0000001  000.394  0000000  005.032  0000004
0158.17  001.309  0000002  000.392  0000000  005.039  0000006
0159.17  001.319  0000003  000.402  0000002  005.064  0000009
0160.17  001.324  0000002  000.412  0000002  005.101  0000011
0161.18  001.328  0000002  000.409  0000000  005.112  0000007
0162.18  001.332  0000002  000.407  0000000  005.118  0000006
0163.17  001.330  0000001  000.404  0000000  005.105  0000003
0164.17  001.328  0000001  000.402  0000000  005.111  0000006
0165.17  001.320  0000000  000.400  0000000  005.092  0000002
0166.18  001.330  0000003  000.415  0000003  005.139  0000013
0167.18  001.322  0000000  000.419  0000001  005.138  0000005
0168.18  001.320  0000001  000.416  0000000  005.131  0000004
0169.18  001.324  0000002  000.426  0000002  005.160  0000010
0170.18  001.316  0000000  000.423  0000000  005.153  0000004
0171.18  001.320  0000002  000.426  0000001  005.164  0000007
0172.18  001.324  0000002  000.424  0000000  005.175  0000007
0173.18  001.322  0000001  000.422  0000000  005.174  0000005
0174.18  001.320  0000001  000.431  0000002  005.184  0000007
0175.18  001.324  0000002  000.428  0000000  005.189  0000006
0176.20  001.334  0000003  000.426  0000000  005.204  0000008
0177.20  001.337  0000002  000.423  0000000  005.203  0000005
0178.18  001.341  0000002  000.432  0000002  005.231  0000010
0179.18  001.351  0000003  000.430  0000000  005.235  0000006
0180.18  001.354  0000002  000.427  0000000  005.256  0000009
0181.20  001.358  0000002  000.425  0000000  005.254  0000005
0182.20  001.361  0000002  000.423  0000000  005.252  0000005
0183.20  001.359  0000001  000.420  0000000  005.240  0000003
0184.18  001.357  0000001  000.429  0000002  005.261  0000009
0185.20  001.350  0000000  000.427  0000000  005.238  0000001
0186.20  001.348  0000001  000.424  0000000  005.226  0000003
0187.20  001.357  0000003  000.422  0000000  005.235  0000007
0188.20  001.350  0000000  000.420  0000000  005.207  0000000
0189.20  001.348  0000001  000.423  0000001  005.217  0000007
0190.20  001.362  0000004  000.421  0000000  005.242  0000010
0191.22  001.365  0000002  000.418  0000000  005.245  0000006
0192.20  001.363  0000001  000.421  0000001  005.250  0000006
0193.20  001.361  0000001  000.419  0000000  005.233  0000002
0194.20  001.354  0000000  000.422  0000001  005.237  0000006
0195.20  001.368  0000004  000.425  0000001  005.266  0000011
0196.22  001.361  0000000  000.423  0000000  005.249  0000002
0197.22  001.359  0000001  000.421  0000000  005.253  0000006
0198.20  001.357  0000001  000.419  0000000  005.247  0000004
0199.20  001.360  0000002  000.417  0000000  005.246  0000005
0200.22  001.354  0000000  000.415  0000000  005.224  0000001
0201.22  001.347  0000000  000.412  0000000  005.213  0000003
0202.22  001.345  0000001  000.410  0000000  005.217  0000006
0203.22  001.343  0000001  000.408  0000000  005.206  0000003
0204.22  001.342  0000001  000.406  0000000  005.191  0000002
Group 2 Stopped 6/30/2021  16:27:40
 
Count Summary
C:RaDeCC\DataRaDeCC.sum
Runtime  CPM219   Cnt219  CPM220   Cnt220  CPMTot   CntTot
0204.92  001.347  000276  000.405  000083  005.202  001066
System Number 2
(219:Delay= 0.01 Window= 5.6)(220:Delay= 5.61 Window= 600)
Eff Last Updated  15Jan13  219= Uset  220= Uset  Tot= Uset

