C:\RaDeCC\Data\AL557_062021\300621_orange_blankStandard223Ra.txt
Start Time 6/30/2021  11:51:56
Runtime  CPM219   Cnt219   CPM220   Cnt220   CPMTot   CntTot
0001.00  000.000  0000000  000.000  0000000  000.000  0000000
0002.00  000.000  0000000  000.000  0000000  000.000  0000000
0003.00  000.000  0000000  000.000  0000000  000.000  0000000
0004.00  000.000  0000000  000.000  0000000  000.000  0000000
0005.00  000.000  0000000  000.000  0000000  000.000  0000000
0006.00  000.000  0000000  000.000  0000000  000.000  0000000
0007.00  000.000  0000000  000.000  0000000  000.000  0000000
0008.00  000.000  0000000  000.000  0000000  000.000  0000000
0009.02  000.000  0000000  000.000  0000000  000.000  0000000
0010.02  000.000  0000000  000.000  0000000  000.000  0000000
0011.02  000.000  0000000  000.000  0000000  000.000  0000000
0012.00  000.000  0000000  000.000  0000000  000.000  0000000
0013.00  000.000  0000000  000.000  0000000  000.000  0000000
0014.02  000.000  0000000  000.000  0000000  000.000  0000000
0015.02  000.000  0000000  000.000  0000000  000.000  0000000
0016.03  000.000  0000000  000.000  0000000  000.000  0000000
0017.03  000.000  0000000  000.000  0000000  000.000  0000000
0018.03  000.000  0000000  000.000  0000000  000.000  0000000
0019.03  000.000  0000000  000.000  0000000  000.000  0000000
0020.03  000.000  0000000  000.000  0000000  000.000  0000000
0021.03  000.000  0000000  000.000  0000000  000.000  0000000
0022.05  000.000  0000000  000.000  0000000  000.000  0000000
0023.05  000.000  0000000  000.000  0000000  000.000  0000000
0024.03  000.000  0000000  000.000  0000000  000.000  0000000
0025.03  000.000  0000000  000.000  0000000  000.000  0000000
0026.03  000.000  0000000  000.000  0000000  000.000  0000000
0027.05  000.000  0000000  000.000  0000000  000.000  0000000
0028.05  000.000  0000000  000.000  0000000  000.000  0000000
0029.03  000.000  0000000  000.000  0000000  000.000  0000000
0030.03  000.000  0000000  000.000  0000000  000.000  0000000
0031.05  000.000  0000000  000.000  0000000  000.000  0000000
Group 2 Stopped 6/30/2021  12:23:15
 
Count Summary
C:RaDeCC\DataRaDeCC.sum
Runtime  CPM219   Cnt219  CPM220   Cnt220  CPMTot   CntTot
0031.32  000.000  000000  000.000  000000  000.000  000000
System Number 2
(219:Delay= 0.01 Window= 5.6)(220:Delay= 5.61 Window= 600)
Eff Last Updated  15Jan13  219= Uset  220= Uset  Tot= Uset

