C:\RaDeCC\Data\AL557_062021\300621_orange_blankStandard223Ra_2.txt
Start Time 6/30/2021  12:30:58
Runtime  CPM219   Cnt219   CPM220   Cnt220   CPMTot   CntTot
0001.00  000.000  0000000  000.000  0000000  001.000  0000001
0002.00  000.000  0000000  000.000  0000000  001.000  0000001
0003.00  000.000  0000000  000.000  0000000  000.667  0000000
0003.98  000.000  0000000  000.000  0000000  000.502  0000000
0005.00  000.000  0000000  000.000  0000000  000.600  0000001
0006.00  000.000  0000000  000.000  0000000  000.500  0000000
0007.00  000.000  0000000  000.000  0000000  000.571  0000001
0008.00  000.000  0000000  000.000  0000000  000.750  0000002
0009.02  000.000  0000000  000.000  0000000  000.665  0000000
0010.00  000.000  0000000  000.000  0000000  000.800  0000002
0011.00  000.000  0000000  000.000  0000000  000.818  0000001
0012.00  000.000  0000000  000.000  0000000  000.750  0000000
0013.00  000.000  0000000  000.000  0000000  000.692  0000000
0014.02  000.000  0000000  000.000  0000000  000.642  0000000
0015.03  000.000  0000000  000.000  0000000  000.599  0000000
0016.03  000.000  0000000  000.000  0000000  000.561  0000000
0017.02  000.000  0000000  000.000  0000000  000.588  0000001
Group 2 Stopped 6/30/2021  12:48:56
 
Count Summary
C:RaDeCC\DataRaDeCC.sum
Runtime  CPM219   Cnt219  CPM220   Cnt220  CPMTot   CntTot
0017.97  000.000  000000  000.000  000000  000.612  000011
System Number 2
(219:Delay= 0.01 Window= 5.6)(220:Delay= 5.61 Window= 600)
Eff Last Updated  15Jan13  219= Uset  220= Uset  Tot= Uset

