C:\RaDeCC\Data\Standard_224_94_orange.txt
Start Time 04/11/2021  12:55:00
Runtime  CPM219   Cnt219   CPM220   Cnt220   CPMTot   CntTot
0001.00  000.000  0000000  000.000  0000000  000.000  0000000
0001.98  000.000  0000000  001.008  0000002  002.017  0000004
0002.98  000.000  0000000  001.006  0000001  002.011  0000002
0003.98  000.000  0000000  001.004  0000001  002.259  0000003
0005.00  000.000  0000000  001.000  0000001  002.200  0000002
0006.00  000.000  0000000  000.833  0000000  001.833  0000000
0006.98  000.000  0000000  000.716  0000000  001.718  0000001
0007.98  000.000  0000000  000.752  0000001  001.754  0000002
0009.00  000.000  0000000  000.667  0000000  001.556  0000000
0010.00  000.000  0000000  000.700  0000001  001.600  0000002
0011.00  000.000  0000000  000.636  0000000  001.455  0000000
0012.00  000.000  0000000  000.833  0000003  001.833  0000006
0013.00  000.000  0000000  000.923  0000002  002.000  0000004
0014.00  000.000  0000000  000.857  0000000  001.857  0000000
0015.00  000.000  0000000  000.867  0000001  001.933  0000003
0016.00  000.000  0000000  000.813  0000000  001.938  0000002
0017.00  000.000  0000000  000.765  0000000  001.941  0000002
0018.02  000.000  0000000  000.722  0000000  001.832  0000000
0019.00  000.000  0000000  000.737  0000001  001.895  0000003
0020.00  000.000  0000000  000.700  0000000  001.950  0000003
0021.00  000.000  0000000  000.762  0000002  002.095  0000005
0022.02  000.000  0000000  000.863  0000003  002.271  0000006
0023.02  000.000  0000000  000.912  0000002  002.346  0000004
0024.02  000.000  0000000  000.916  0000001  002.373  0000003
0025.00  000.000  0000000  000.880  0000000  002.280  0000000
0026.02  000.000  0000000  000.922  0000002  002.383  0000005
0027.02  000.000  0000000  000.925  0000001  002.480  0000005
0028.02  000.000  0000000  000.892  0000000  002.391  0000000
0029.02  000.000  0000000  000.965  0000003  002.516  0000006
0030.02  000.000  0000000  000.933  0000000  002.499  0000002
0031.02  000.000  0000000  000.903  0000000  002.450  0000001
0032.02  000.000  0000000  000.906  0000001  002.467  0000003
0033.02  000.000  0000000  000.909  0000001  002.453  0000002
0034.02  000.000  0000000  000.911  0000001  002.440  0000002
0035.03  000.000  0000000  000.942  0000002  002.512  0000005
0036.03  000.000  0000000  000.944  0000001  002.525  0000003
0037.02  000.000  0000000  000.919  0000000  002.458  0000000
0038.02  000.000  0000000  000.947  0000002  002.499  0000004
0039.03  000.000  0000000  000.948  0000001  002.511  0000003
0040.03  000.000  0000000  000.974  0000002  002.573  0000005
0041.03  000.000  0000000  000.950  0000000  002.510  0000000
0042.03  000.000  0000000  000.928  0000000  002.474  0000001
0043.02  000.000  0000000  000.907  0000000  002.418  0000000
0044.03  000.000  0000000  000.886  0000000  002.362  0000000
0045.03  000.000  0000000  000.910  0000002  002.443  0000006
0046.03  000.000  0000000  000.891  0000000  002.433  0000002
0047.03  000.000  0000000  000.914  0000002  002.466  0000004
0048.05  000.000  0000000  000.937  0000002  002.518  0000005
0049.03  000.000  0000000  000.999  0000004  002.672  0000010
0050.03  000.000  0000000  001.019  0000002  002.698  0000004
0051.03  000.000  0000000  001.019  0000001  002.685  0000002
0052.05  000.000  0000000  001.018  0000001  002.671  0000002
0053.05  000.000  0000000  001.018  0000001  002.677  0000003
0054.03  000.000  0000000  000.999  0000000  002.628  0000000
0055.03  000.018  0000001  000.981  0000000  002.617  0000002
0056.03  000.018  0000000  000.982  0000001  002.606  0000002
0057.05  000.018  0000000  000.982  0000001  002.612  0000003
0058.05  000.017  0000000  000.965  0000000  002.567  0000000
0059.05  000.017  0000000  000.965  0000001  002.557  0000002
0060.03  000.017  0000000  000.949  0000000  002.599  0000005
0061.05  000.016  0000000  000.950  0000001  002.588  0000002
0062.05  000.016  0000000  000.951  0000001  002.579  0000002
0063.05  000.016  0000000  000.952  0000001  002.569  0000002
0064.05  000.016  0000000  000.937  0000000  002.529  0000000
0065.07  000.015  0000000  000.938  0000001  002.520  0000002
0066.05  000.015  0000000  000.954  0000002  002.544  0000004
0067.05  000.015  0000000  000.955  0000001  002.550  0000003
0068.05  000.015  0000000  000.970  0000002  002.616  0000007
0069.05  000.014  0000000  000.956  0000000  002.578  0000000
0070.07  000.014  0000000  000.942  0000000  002.555  0000001
0071.07  000.014  0000000  000.943  0000001  002.561  0000003
0072.05  000.028  0000001  000.944  0000001  002.582  0000004
0073.05  000.027  0000000  000.958  0000002  002.642  0000007
0074.07  000.027  0000000  000.959  0000001  002.633  0000002
0075.07  000.027  0000000  000.959  0000001  002.638  0000003
0076.07  000.026  0000000  000.947  0000000  002.616  0000001
0077.07  000.026  0000000  000.947  0000001  002.621  0000003
0078.07  000.026  0000000  000.935  0000000  002.588  0000000
0079.07  000.025  0000000  000.923  0000000  002.555  0000000
0080.07  000.025  0000000  000.912  0000000  002.523  0000000
0081.07  000.025  0000000  000.900  0000000  002.504  0000001
0082.07  000.024  0000000  000.914  0000002  002.522  0000004
0083.08  000.024  0000000  000.915  0000001  002.528  0000003
0084.07  000.024  0000000  000.904  0000000  002.498  0000000
0085.07  000.024  0000000  000.893  0000000  002.469  0000000
0086.07  000.023  0000000  000.883  0000000  002.440  0000000
0087.08  000.023  0000000  000.896  0000002  002.480  0000006
0088.08  000.023  0000000  000.886  0000000  002.452  0000000
0089.08  000.022  0000000  000.876  0000000  002.425  0000000
0090.07  000.022  0000000  000.877  0000001  002.420  0000002
0091.08  000.022  0000000  000.867  0000000  002.393  0000000
0092.08  000.022  0000000  000.880  0000002  002.411  0000004
0093.08  000.021  0000000  000.881  0000001  002.406  0000002
0094.08  000.021  0000000  000.882  0000001  002.413  0000003
0095.07  000.021  0000000  000.873  0000000  002.398  0000001
0096.08  000.021  0000000  000.874  0000001  002.415  0000004
0097.08  000.021  0000000  000.876  0000001  002.410  0000002
0098.08  000.020  0000000  000.867  0000000  002.396  0000001
0099.08  000.020  0000000  000.858  0000000  002.372  0000000
0100.10  000.020  0000000  000.849  0000000  002.348  0000000
0101.08  000.020  0000000  000.851  0000001  002.345  0000002
0102.08  000.020  0000000  000.852  0000001  002.351  0000003
0103.08  000.019  0000000  000.873  0000003  002.386  0000006
0104.10  000.019  0000000  000.865  0000000  002.373  0000001
0105.10  000.019  0000000  000.866  0000001  002.388  0000004
0106.10  000.019  0000000  000.858  0000000  002.385  0000002
0107.08  000.019  0000000  000.859  0000001  002.381  0000002
0108.08  000.019  0000000  000.860  0000001  002.396  0000004
0109.10  000.018  0000000  000.871  0000002  002.411  0000004
0110.10  000.018  0000000  000.881  0000002  002.434  0000005
Group 4 Stopped 04/11/2021  14:45:19
 
Count Summary
C:\RaDeCC\Data\RaDeCC.sum
Runtime  CPM219   Cnt219  CPM220   Cnt220  CPMTot   CntTot
0110.32  000.018  000002  000.879  000097  002.429  000268
System Number 4
(219:Delay= 0.01 Window= 5.6)(220:Delay= 5.61 Window= 600)
Eff Last Updated  15Jan13  219= Uset  220= Uset  Tot= Uset

