C:\RaDeCC\Data\AL557_062021\130621_grey_St2_2_blank.txt
Start Time 6/13/2021  13:39:18
Runtime  CPM219   Cnt219   CPM220   Cnt220   CPMTot   CntTot
0001.00  000.000  0000000  000.000  0000000  000.000  0000000
0002.00  000.000  0000000  000.000  0000000  000.500  0000001
0003.00  000.000  0000000  000.000  0000000  001.000  0000002
0004.00  000.000  0000000  000.000  0000000  001.000  0000001
0005.02  000.000  0000000  000.000  0000000  000.997  0000001
0006.00  000.000  0000000  000.000  0000000  001.000  0000001
0007.00  000.000  0000000  000.000  0000000  000.857  0000000
0008.00  000.000  0000000  000.000  0000000  000.875  0000001
0009.02  000.000  0000000  000.000  0000000  000.887  0000001
0010.02  000.000  0000000  000.000  0000000  000.799  0000000
0011.02  000.000  0000000  000.000  0000000  000.817  0000001
0012.00  000.000  0000000  000.000  0000000  001.000  0000003
0013.00  000.000  0000000  000.000  0000000  000.923  0000000
0014.02  000.000  0000000  000.000  0000000  000.856  0000000
0015.02  000.000  0000000  000.000  0000000  000.799  0000000
0016.02  000.000  0000000  000.000  0000000  000.812  0000001
0017.02  000.000  0000000  000.000  0000000  000.881  0000002
0018.02  000.000  0000000  000.000  0000000  000.888  0000001
0019.02  000.000  0000000  000.000  0000000  000.894  0000001
0020.02  000.000  0000000  000.000  0000000  000.899  0000001
0021.02  000.000  0000000  000.000  0000000  000.856  0000000
0022.03  000.000  0000000  000.000  0000000  000.817  0000000
0023.03  000.000  0000000  000.000  0000000  000.825  0000001
0024.02  000.000  0000000  000.000  0000000  000.791  0000000
0025.02  000.000  0000000  000.000  0000000  000.759  0000000
Group 2 Stopped 6/13/2021  14:04:41
 
Count Summary
C:RaDeCC\DataRaDeCC.sum
Runtime  CPM219   Cnt219  CPM220   Cnt220  CPMTot   CntTot
0025.38  000.000  000000  000.000  000000  000.749  000019
System Number 2
(219:Delay= 0.01 Window= 5.6)(220:Delay= 5.61 Window= 600)
Eff Last Updated  15Jan13  219= Uset  220= Uset  Tot= Uset

