C:\RaDeCC\Data\AL557_062021\130621_green_St3_2_blank.txt
Start Time 6/13/2021  15:53:02
Runtime  CPM219   Cnt219   CPM220   Cnt220   CPMTot   CntTot
0001.00  000.000  0000000  000.000  0000000  002.000  0000002
0002.00  000.000  0000000  000.000  0000000  001.000  0000000
0003.00  000.000  0000000  000.000  0000000  000.667  0000000
0004.00  000.000  0000000  000.000  0000000  000.500  0000000
0005.02  000.000  0000000  000.000  0000000  000.598  0000001
0006.00  000.000  0000000  000.000  0000000  000.833  0000002
0007.00  000.000  0000000  000.000  0000000  000.857  0000001
0008.00  000.000  0000000  000.000  0000000  000.875  0000001
0009.02  000.000  0000000  000.000  0000000  001.220  0000004
0010.02  000.000  0000000  000.000  0000000  001.198  0000001
0011.02  000.000  0000000  000.000  0000000  001.089  0000000
0012.00  000.000  0000000  000.000  0000000  001.167  0000002
0013.00  000.000  0000000  000.000  0000000  001.231  0000002
0014.02  000.000  0000000  000.000  0000000  001.213  0000001
0015.02  000.000  0000000  000.000  0000000  001.132  0000000
0016.02  000.000  0000000  000.000  0000000  001.061  0000000
0017.02  000.000  0000000  000.000  0000000  001.058  0000001
0018.02  000.000  0000000  000.000  0000000  000.999  0000000
0019.02  000.000  0000000  000.000  0000000  001.052  0000002
0020.02  000.000  0000000  000.000  0000000  000.999  0000000
0021.02  000.000  0000000  000.000  0000000  000.999  0000001
Group 4 Stopped 6/13/2021  16:14:18
 
Count Summary
C:RaDeCC\DataRaDeCC.sum
Runtime  CPM219   Cnt219  CPM220   Cnt220  CPMTot   CntTot
0021.27  000.000  000000  000.000  000000  000.987  000021
System Number 4
(219:Delay= 0.01 Window= 5.6)(220:Delay= 5.61 Window= 600)
Eff Last Updated  15Jan13  219= Uset  220= Uset  Tot= Uset

