C:\RaDeCC\Data\AL557_062021\130621_blue_St4_2_blank.txt
Start Time 6/13/2021  15:53:00
Runtime  CPM219   Cnt219   CPM220   Cnt220   CPMTot   CntTot
0001.00  000.000  0000000  000.000  0000000  000.000  0000000
0002.00  000.000  0000000  000.000  0000000  000.000  0000000
0003.00  000.000  0000000  000.000  0000000  000.000  0000000
0004.02  000.000  0000000  000.000  0000000  000.498  0000002
0005.02  000.000  0000000  000.000  0000000  000.598  0000001
0006.00  000.000  0000000  000.000  0000000  000.500  0000000
0007.00  000.000  0000000  000.000  0000000  000.429  0000000
0008.00  000.000  0000000  000.000  0000000  000.625  0000002
0009.02  000.000  0000000  000.000  0000000  000.665  0000001
0010.02  000.000  0000000  000.000  0000000  000.599  0000000
0011.02  000.000  0000000  000.000  0000000  000.635  0000001
0012.00  000.000  0000000  000.000  0000000  000.583  0000000
0013.02  000.000  0000000  000.000  0000000  000.538  0000000
0014.02  000.000  0000000  000.000  0000000  000.499  0000000
0015.02  000.000  0000000  000.000  0000000  000.466  0000000
0016.02  000.000  0000000  000.000  0000000  000.437  0000000
0017.03  000.000  0000000  000.000  0000000  000.411  0000000
0018.02  000.000  0000000  000.000  0000000  000.389  0000000
0019.02  000.000  0000000  000.000  0000000  000.368  0000000
0020.02  000.000  0000000  000.000  0000000  000.400  0000001
0021.02  000.000  0000000  000.000  0000000  000.428  0000001
Group 3 Stopped 6/13/2021  16:14:15
 
Count Summary
C:RaDeCC\DataRaDeCC.sum
Runtime  CPM219   Cnt219  CPM220   Cnt220  CPMTot   CntTot
0021.25  000.000  000000  000.000  000000  000.424  000009
System Number 3
(219:Delay= 0.01 Window= 5.6)(220:Delay= 5.61 Window= 600)
Eff Last Updated  15Jan13  219= Uset  220= Uset  Tot= Uset

