C:\RaDeCC\Data\AL557_062021\130621_blue_St4_2.txt
Start Time 6/13/2021  16:38:19
Runtime  CPM219   Cnt219   CPM220   Cnt220   CPMTot   CntTot
0001.00  000.000  0000000  001.000  0000001  002.000  0000002
0002.00  000.000  0000000  000.500  0000000  001.000  0000000
0003.00  000.000  0000000  000.667  0000001  001.333  0000002
0004.00  000.000  0000000  001.000  0000002  002.250  0000005
0005.00  000.000  0000000  001.200  0000002  002.800  0000005
0006.00  000.000  0000000  001.000  0000000  002.333  0000000
0007.02  000.000  0000000  000.855  0000000  001.995  0000000
0008.00  000.000  0000000  000.875  0000001  002.125  0000003
0009.00  000.000  0000000  000.778  0000000  001.889  0000000
0010.00  000.000  0000000  000.800  0000001  002.000  0000003
0011.00  000.000  0000000  000.727  0000000  002.000  0000002
0012.02  000.000  0000000  000.832  0000002  002.330  0000006
0013.02  000.000  0000000  000.768  0000000  002.151  0000000
0014.00  000.071  0000001  000.786  0000001  002.286  0000004
0015.00  000.067  0000000  000.800  0000001  002.400  0000004
0016.02  000.062  0000000  000.749  0000000  002.248  0000000
0017.02  000.059  0000000  000.823  0000002  002.351  0000004
0018.02  000.056  0000000  000.888  0000002  002.498  0000005
0019.02  000.053  0000000  000.841  0000000  002.419  0000001
0020.02  000.100  0000001  000.949  0000003  002.748  0000009
0021.02  000.190  0000002  000.952  0000001  002.998  0000008
0022.02  000.227  0000001  000.908  0000000  003.043  0000004
0023.02  000.217  0000000  000.912  0000001  002.998  0000002
0024.02  000.208  0000000  000.916  0000001  002.956  0000002
0025.03  000.240  0000001  000.879  0000000  002.956  0000003
0026.02  000.231  0000000  000.846  0000000  002.844  0000000
0027.02  000.259  0000001  000.851  0000001  002.887  0000004
0028.02  000.250  0000000  000.821  0000000  002.784  0000000
0029.03  000.310  0000002  000.896  0000003  003.065  0000011
0030.03  000.300  0000000  000.932  0000002  003.097  0000004
0031.03  000.290  0000000  000.934  0000001  003.093  0000003
0032.03  000.281  0000000  000.905  0000000  003.091  0000003
0033.05  000.272  0000000  000.908  0000001  003.086  0000003
0034.03  000.294  0000001  000.970  0000003  003.262  0000009
0035.03  000.285  0000000  000.999  0000002  003.311  0000005
0036.03  000.278  0000000  000.999  0000001  003.275  0000002
0037.05  000.270  0000000  001.026  0000002  003.347  0000006
0038.05  000.263  0000000  000.999  0000000  003.311  0000002
0039.05  000.256  0000000  001.050  0000003  003.431  0000008
0040.03  000.250  0000000  001.049  0000001  003.447  0000004
0041.05  000.244  0000000  001.096  0000003  003.557  0000008
0042.05  000.238  0000000  001.118  0000002  003.615  0000006
0043.05  000.232  0000000  001.115  0000001  003.624  0000004
0044.05  000.227  0000000  001.090  0000000  003.564  0000001
0045.05  000.222  0000000  001.088  0000001  003.552  0000003
0046.05  000.217  0000000  001.151  0000004  003.648  0000008
0047.05  000.234  0000001  001.169  0000002  003.719  0000007
0048.05  000.250  0000001  001.249  0000005  003.892  0000012
0049.05  000.245  0000000  001.244  0000001  003.853  0000002
0050.07  000.260  0000001  001.238  0000001  003.855  0000004
0051.05  000.274  0000001  001.254  0000002  003.918  0000007
0052.05  000.269  0000000  001.268  0000002  003.958  0000006
0053.05  000.264  0000000  001.244  0000000  003.940  0000003
0054.07  000.277  0000001  001.221  0000000  003.940  0000004
0055.07  000.272  0000000  001.235  0000002  003.959  0000005
0056.07  000.303  0000002  001.249  0000002  004.031  0000008
0057.07  000.298  0000000  001.227  0000000  003.960  0000000
0058.07  000.293  0000000  001.240  0000002  003.978  0000005
0059.08  000.288  0000000  001.252  0000002  004.028  0000007
0060.07  000.283  0000000  001.249  0000001  004.012  0000003
0061.07  000.278  0000000  001.228  0000000  003.963  0000001
0062.07  000.274  0000000  001.305  0000006  004.076  0000011
0063.07  000.285  0000001  001.316  0000002  004.123  0000007
0064.08  000.281  0000000  001.311  0000001  004.104  0000003
0065.08  000.277  0000000  001.306  0000001  004.087  0000003
0066.07  000.272  0000000  001.287  0000000  004.057  0000002
0067.07  000.268  0000000  001.297  0000002  004.085  0000006
0068.08  000.279  0000001  001.337  0000004  004.201  0000012
0069.08  000.275  0000000  001.317  0000000  004.140  0000000
0070.08  000.271  0000000  001.313  0000001  004.124  0000003
0071.08  000.267  0000000  001.308  0000001  004.094  0000002
0072.08  000.291  0000002  001.304  0000001  004.162  0000009
0073.08  000.287  0000000  001.314  0000002  004.173  0000005
0074.08  000.283  0000000  001.296  0000000  004.157  0000003
0075.08  000.280  0000000  001.319  0000003  004.209  0000008
0076.08  000.276  0000000  001.341  0000003  004.272  0000009
0077.10  000.272  0000000  001.375  0000004  004.319  0000008
0078.08  000.269  0000000  001.370  0000001  004.342  0000006
0079.08  000.278  0000001  001.353  0000000  004.312  0000002
0080.08  000.275  0000000  001.361  0000002  004.308  0000004
0081.10  000.271  0000000  001.356  0000001  004.303  0000004
0082.10  000.268  0000000  001.376  0000003  004.348  0000008
0083.10  000.265  0000000  001.372  0000001  004.320  0000002
0084.08  000.262  0000000  001.356  0000000  004.329  0000005
0085.10  000.259  0000000  001.363  0000002  004.324  0000004
0086.10  000.267  0000001  001.347  0000000  004.321  0000004
0087.10  000.264  0000000  001.355  0000002  004.317  0000004
0088.10  000.272  0000001  001.362  0000002  004.336  0000006
0089.08  000.269  0000000  001.347  0000000  004.299  0000001
0090.10  000.266  0000000  001.365  0000003  004.317  0000006
0091.10  000.263  0000000  001.372  0000002  004.336  0000006
0092.10  000.271  0000001  001.368  0000001  004.354  0000006
0093.10  000.269  0000000  001.375  0000002  004.350  0000004
0094.12  000.266  0000000  001.381  0000002  004.367  0000006
0095.10  000.284  0000002  001.388  0000002  004.406  0000008
0096.10  000.281  0000000  001.394  0000002  004.412  0000005
0097.10  000.278  0000000  001.390  0000001  004.387  0000002
0098.12  000.296  0000002  001.386  0000001  004.423  0000008
0099.12  000.293  0000000  001.382  0000001  004.429  0000005
0100.12  000.300  0000001  001.398  0000003  004.485  0000010
0101.10  000.297  0000000  001.405  0000002  004.520  0000008
0102.10  000.294  0000000  001.391  0000000  004.505  0000003
0103.12  000.301  0000001  001.387  0000001  004.519  0000006
0104.12  000.298  0000000  001.383  0000001  004.505  0000003
0105.12  000.295  0000000  001.379  0000001  004.481  0000002
0106.12  000.292  0000000  001.366  0000000  004.467  0000003
0107.12  000.289  0000000  001.382  0000003  004.490  0000007
0108.12  000.287  0000000  001.387  0000002  004.514  0000007
0109.12  000.284  0000000  001.411  0000004  004.555  0000009
0110.12  000.282  0000000  001.426  0000003  004.577  0000007
0111.12  000.288  0000001  001.431  0000002  004.599  0000007
0112.12  000.285  0000000  001.436  0000002  004.593  0000004
0113.13  000.283  0000000  001.441  0000002  004.579  0000003
0114.13  000.280  0000000  001.437  0000001  004.565  0000003
0115.12  000.287  0000001  001.433  0000001  004.561  0000004
0116.12  000.293  0000001  001.430  0000001  004.564  0000005
0117.13  000.290  0000000  001.417  0000000  004.550  0000003
0118.13  000.288  0000000  001.422  0000002  004.580  0000008
0119.13  000.285  0000000  001.427  0000002  004.583  0000005
0120.13  000.291  0000001  001.415  0000000  004.578  0000004
0121.12  000.289  0000000  001.404  0000000  004.549  0000001
0122.13  000.287  0000000  001.400  0000001  004.552  0000005
0123.13  000.284  0000000  001.389  0000000  004.524  0000001
0124.13  000.282  0000000  001.378  0000000  004.487  0000000
0125.13  000.280  0000000  001.383  0000002  004.491  0000005
0126.13  000.277  0000000  001.372  0000000  004.464  0000001
0127.13  000.275  0000000  001.369  0000001  004.444  0000002
0128.15  000.273  0000000  001.358  0000000  004.425  0000002
0129.15  000.271  0000000  001.370  0000003  004.444  0000007
0130.13  000.269  0000000  001.368  0000001  004.442  0000004
0131.13  000.275  0000001  001.365  0000001  004.446  0000005
0132.13  000.272  0000000  001.370  0000002  004.465  0000007
0133.15  000.270  0000000  001.367  0000001  004.469  0000005
0134.15  000.268  0000000  001.357  0000000  004.465  0000004
0135.15  000.266  0000000  001.376  0000004  004.499  0000009
0136.13  000.264  0000000  001.366  0000000  004.474  0000001
0137.15  000.270  0000001  001.378  0000003  004.506  0000009
0138.15  000.268  0000000  001.397  0000004  004.560  0000012
0139.15  000.266  0000000  001.401  0000002  004.563  0000005
0140.15  000.264  0000000  001.391  0000000  004.531  0000000
0141.15  000.283  0000003  001.382  0000000  004.541  0000006
0142.15  000.281  0000000  001.372  0000000  004.523  0000002
0143.15  000.279  0000000  001.362  0000000  004.499  0000001
0144.15  000.277  0000000  001.353  0000000  004.475  0000001
0145.15  000.276  0000000  001.343  0000000  004.451  0000001
0146.17  000.281  0000001  001.334  0000000  004.433  0000002
0147.15  000.279  0000000  001.332  0000001  004.424  0000003
0148.15  000.277  0000000  001.323  0000000  004.401  0000001
0149.15  000.275  0000000  001.321  0000001  004.392  0000003
0150.17  000.273  0000000  001.345  0000005  004.428  0000010
0151.17  000.271  0000000  001.343  0000001  004.445  0000007
0152.17  000.269  0000000  001.367  0000005  004.475  0000009
0153.15  000.268  0000000  001.365  0000001  004.466  0000003
0154.17  000.266  0000000  001.369  0000002  004.476  0000006
0155.17  000.264  0000000  001.360  0000000  004.460  0000002
0156.17  000.263  0000000  001.351  0000000  004.438  0000001
0157.17  000.261  0000000  001.355  0000002  004.441  0000005
0158.17  000.259  0000000  001.353  0000001  004.438  0000004
0159.17  000.258  0000000  001.357  0000002  004.467  0000009
0160.17  000.256  0000000  001.349  0000000  004.445  0000001
0161.18  000.254  0000000  001.352  0000002  004.442  0000004
0162.18  000.259  0000001  001.350  0000001  004.452  0000006
0163.17  000.257  0000000  001.348  0000001  004.437  0000002
0164.17  000.256  0000000  001.346  0000001  004.435  0000004
0165.17  000.254  0000000  001.344  0000001  004.426  0000003
0166.18  000.253  0000000  001.348  0000002  004.435  0000006
0167.18  000.251  0000000  001.358  0000003  004.444  0000006
0168.18  000.250  0000000  001.356  0000001  004.442  0000004
0169.17  000.254  0000001  001.360  0000002  004.463  0000008
0170.18  000.259  0000001  001.357  0000001  004.472  0000006
0171.18  000.257  0000000  001.367  0000003  004.486  0000007
0172.18  000.261  0000001  001.365  0000001  004.495  0000006
0173.18  000.260  0000000  001.357  0000000  004.492  0000004
0174.20  000.258  0000000  001.349  0000000  004.466  0000000
0175.18  000.263  0000001  001.347  0000001  004.481  0000007
0176.18  000.261  0000000  001.340  0000000  004.467  0000002
0177.20  000.260  0000000  001.337  0000001  004.470  0000005
0178.18  000.258  0000000  001.341  0000002  004.479  0000006
0179.18  000.262  0000001  001.345  0000002  004.509  0000010
0180.18  000.266  0000001  001.360  0000004  004.545  0000011
0181.20  000.270  0000001  001.358  0000001  004.558  0000007
0182.20  000.269  0000000  001.356  0000001  004.566  0000006
0183.18  000.267  0000000  001.354  0000001  004.558  0000003
0184.18  000.271  0000001  001.357  0000002  004.582  0000009
0185.20  000.270  0000000  001.361  0000002  004.590  0000006
0186.20  000.269  0000000  001.353  0000000  004.570  0000001
0187.20  000.267  0000000  001.351  0000001  004.573  0000005
0188.20  000.266  0000000  001.355  0000002  004.580  0000006
0189.20  000.275  0000002  001.364  0000003  004.625  0000013
0190.20  000.279  0000001  001.367  0000002  004.642  0000008
0191.20  000.277  0000000  001.365  0000001  004.634  0000003
0192.20  000.276  0000000  001.358  0000000  004.615  0000001
0193.20  000.274  0000000  001.372  0000004  004.638  0000009
0194.22  000.273  0000000  001.364  0000000  004.629  0000003
0195.20  000.272  0000000  001.368  0000002  004.641  0000007
0196.20  000.270  0000000  001.361  0000000  004.638  0000004
0197.20  000.269  0000000  001.354  0000000  004.625  0000002
0198.22  000.277  0000002  001.352  0000001  004.641  0000008
0199.22  000.276  0000000  001.350  0000001  004.638  0000004
0200.22  000.275  0000000  001.359  0000003  004.660  0000009
0201.20  000.273  0000000  001.362  0000002  004.667  0000006
0202.22  000.277  0000001  001.360  0000001  004.663  0000004
0203.22  000.276  0000000  001.363  0000002  004.665  0000005
0204.22  000.274  0000000  001.361  0000001  004.662  0000004
0205.22  000.273  0000000  001.360  0000001  004.654  0000003
0206.22  000.272  0000000  001.372  0000004  004.665  0000007
0207.22  000.270  0000000  001.375  0000002  004.667  0000005
0208.22  000.269  0000000  001.369  0000000  004.659  0000003
0209.22  000.268  0000000  001.372  0000002  004.670  0000007
0210.22  000.266  0000000  001.370  0000001  004.676  0000006
0211.23  000.265  0000000  001.368  0000001  004.663  0000002
0212.23  000.269  0000001  001.362  0000000  004.665  0000005
0213.22  000.267  0000000  001.360  0000001  004.657  0000003
0214.22  000.266  0000000  001.363  0000002  004.673  0000008
0215.23  000.269  0000001  001.366  0000002  004.679  0000006
0216.23  000.268  0000000  001.364  0000001  004.685  0000006
0217.23  000.267  0000000  001.358  0000000  004.663  0000000
0218.23  000.266  0000000  001.352  0000000  004.646  0000001
0219.22  000.265  0000000  001.359  0000003  004.662  0000008
0220.23  000.263  0000000  001.362  0000002  004.672  0000007
0221.23  000.262  0000000  001.361  0000001  004.678  0000006
0222.23  000.261  0000000  001.354  0000000  004.657  0000000
0223.23  000.264  0000001  001.362  0000003  004.672  0000008
0224.23  000.263  0000000  001.365  0000002  004.669  0000004
0225.23  000.262  0000000  001.363  0000001  004.671  0000005
0226.23  000.261  0000000  001.375  0000004  004.690  0000009
0227.23  000.260  0000000  001.373  0000001  004.682  0000003
0228.25  000.267  0000002  001.367  0000000  004.683  0000005
0229.25  000.266  0000000  001.361  0000000  004.676  0000003
0230.23  000.265  0000000  001.359  0000001  004.674  0000004
0231.23  000.264  0000000  001.362  0000002  004.675  0000005
0232.23  000.267  0000001  001.361  0000001  004.694  0000009
0233.25  000.270  0000001  001.355  0000000  004.682  0000002
0234.25  000.269  0000000  001.349  0000000  004.666  0000001
0235.25  000.268  0000000  001.348  0000001  004.680  0000008
0236.23  000.267  0000000  001.346  0000001  004.673  0000003
0237.25  000.270  0000001  001.353  0000003  004.695  0000010
0238.25  000.269  0000000  001.356  0000002  004.714  0000009
0239.25  000.268  0000000  001.358  0000002  004.711  0000004
0240.25  000.266  0000000  001.353  0000000  004.691  0000000
0241.27  000.265  0000000  001.351  0000001  004.684  0000003
0242.25  000.264  0000000  001.350  0000001  004.685  0000005
0243.25  000.267  0000001  001.353  0000002  004.703  0000009
0244.25  000.266  0000000  001.351  0000001  004.700  0000004
0245.25  000.269  0000001  001.346  0000000  004.697  0000004
0246.27  000.268  0000000  001.348  0000002  004.694  0000004
0247.27  000.267  0000000  001.347  0000001  004.695  0000005
0248.25  000.266  0000000  001.341  0000000  004.681  0000001
0249.25  000.265  0000000  001.340  0000001  004.682  0000005
0250.27  000.264  0000000  001.347  0000003  004.687  0000006
0251.27  000.263  0000000  001.357  0000004  004.712  0000011
0252.27  000.262  0000000  001.360  0000002  004.737  0000011
0253.27  000.261  0000000  001.358  0000001  004.734  0000004
0254.27  000.260  0000000  001.361  0000002  004.739  0000006
0255.27  000.259  0000000  001.363  0000002  004.736  0000004
0256.27  000.258  0000000  001.370  0000003  004.741  0000006
0257.27  000.257  0000000  001.372  0000002  004.750  0000007
0258.27  000.256  0000000  001.375  0000002  004.759  0000007
0259.28  000.255  0000000  001.385  0000004  004.786  0000012
0260.27  000.261  0000002  001.383  0000001  004.807  0000010
0261.27  000.260  0000000  001.382  0000001  004.811  0000006
0262.27  000.259  0000000  001.384  0000002  004.820  0000007
0263.28  000.258  0000000  001.379  0000000  004.816  0000004
0264.28  000.257  0000000  001.377  0000001  004.817  0000005
0265.27  000.256  0000000  001.376  0000001  004.810  0000003
0266.27  000.255  0000000  001.371  0000000  004.792  0000000
0267.28  000.258  0000001  001.377  0000003  004.804  0000008
0268.28  000.265  0000002  001.372  0000000  004.808  0000006
0269.28  000.264  0000000  001.367  0000000  004.809  0000005
0270.28  000.263  0000000  001.365  0000001  004.813  0000006
0271.27  000.262  0000000  001.360  0000000  004.803  0000002
0272.28  000.261  0000000  001.355  0000000  004.796  0000003
0273.28  000.263  0000001  001.358  0000002  004.812  0000009
0274.28  000.263  0000000  001.360  0000002  004.813  0000005
0275.28  000.265  0000001  001.359  0000001  004.810  0000004
0276.28  000.268  0000001  001.368  0000004  004.818  0000007
0277.28  000.267  0000000  001.374  0000003  004.822  0000006
Group 3 Stopped 6/13/2021  21:15:39
 
Count Summary
C:RaDeCC\DataRaDeCC.sum
Runtime  CPM219   Cnt219  CPM220   Cnt220  CPMTot   CntTot
0277.33  000.267  000074  001.374  000381  004.821  001337
System Number 3
(219:Delay= 0.01 Window= 5.6)(220:Delay= 5.61 Window= 600)
Eff Last Updated  15Jan13  219= Uset  220= Uset  Tot= Uset

