C:\RaDeCC\Data\AL557_062021\130621_grey_St1_2_blank.txt
Start Time 6/13/2021  13:38:40
Runtime  CPM219   Cnt219   CPM220   Cnt220   CPMTot   CntTot
0001.00  000.000  0000000  000.000  0000000  000.000  0000000
0002.00  000.000  0000000  000.000  0000000  000.000  0000000
0002.98  000.000  0000000  000.000  0000000  000.335  0000001
0003.98  000.000  0000000  000.000  0000000  000.251  0000000
0005.00  000.000  0000000  000.000  0000000  000.200  0000000
0006.00  000.000  0000000  000.000  0000000  000.167  0000000
0007.00  000.000  0000000  000.143  0000001  000.429  0000002
0008.00  000.000  0000000  000.125  0000000  000.375  0000000
0009.00  000.000  0000000  000.111  0000000  000.333  0000000
0010.00  000.000  0000000  000.100  0000000  000.300  0000000
0011.00  000.000  0000000  000.091  0000000  000.273  0000000
0012.00  000.000  0000000  000.083  0000000  000.333  0000001
0013.02  000.000  0000000  000.077  0000000  000.384  0000001
0014.02  000.000  0000000  000.071  0000000  000.357  0000000
0015.00  000.000  0000000  000.067  0000000  000.533  0000003
0016.00  000.000  0000000  000.063  0000000  000.500  0000000
0017.00  000.000  0000000  000.059  0000000  000.529  0000001
0018.02  000.000  0000000  000.056  0000000  000.500  0000000
0019.02  000.000  0000000  000.053  0000000  000.473  0000000
0020.02  000.000  0000000  000.050  0000000  000.450  0000000
0021.00  000.000  0000000  000.048  0000000  000.429  0000000
0022.02  000.000  0000000  000.045  0000000  000.409  0000000
0023.02  000.000  0000000  000.043  0000000  000.391  0000000
0024.02  000.000  0000000  000.042  0000000  000.375  0000000
0025.02  000.000  0000000  000.040  0000000  000.360  0000000
Group 1 Stopped 6/13/2021  14:04:37
 
Count Summary
C:RaDeCC\DataRaDeCC.sum
Runtime  CPM219   Cnt219  CPM220   Cnt220  CPMTot   CntTot
0025.95  000.000  000000  000.039  000001  000.385  000010
System Number 1
(219:Delay= 0.01 Window= 5.6)(220:Delay= 5.61 Window= 600)
Eff Last Updated  15Jan13  219= Uset  220= Uset  Tot= Uset

