C:\RaDeCC\Data\AL557_062021\140621_green_St7_2.txt
Start Time 6/14/2021  09:46:34
Runtime  CPM219   Cnt219   CPM220   Cnt220   CPMTot   CntTot
0001.00  000.000  0000000  000.000  0000000  001.000  0000001
0002.00  000.000  0000000  000.000  0000000  000.500  0000000
0003.00  000.000  0000000  000.000  0000000  000.667  0000001
0004.00  000.000  0000000  000.000  0000000  000.750  0000001
0005.02  000.000  0000000  000.199  0000001  001.395  0000004
0006.00  000.000  0000000  000.333  0000001  001.500  0000002
0007.00  000.000  0000000  000.286  0000000  001.857  0000004
0008.00  000.000  0000000  000.500  0000002  002.250  0000005
0009.02  000.000  0000000  000.555  0000001  002.218  0000002
0010.02  000.000  0000000  000.599  0000001  002.396  0000004
0011.02  000.091  0000001  000.726  0000002  002.814  0000007
0012.00  000.083  0000000  000.667  0000000  002.667  0000001
0013.00  000.077  0000000  000.692  0000001  002.615  0000002
0014.02  000.071  0000000  000.642  0000000  002.497  0000001
0015.02  000.067  0000000  000.599  0000000  002.464  0000002
0016.02  000.062  0000000  000.687  0000002  002.622  0000005
0017.02  000.059  0000000  000.646  0000000  002.586  0000002
0018.02  000.056  0000000  000.611  0000000  002.498  0000001
0019.02  000.053  0000000  000.631  0000001  002.524  0000003
0020.02  000.050  0000000  000.649  0000001  002.598  0000004
0021.02  000.048  0000000  000.619  0000000  002.617  0000003
0022.02  000.045  0000000  000.681  0000002  002.771  0000006
0023.03  000.087  0000001  000.695  0000001  002.865  0000005
0024.02  000.083  0000000  000.666  0000000  002.831  0000002
0025.03  000.080  0000000  000.679  0000001  002.836  0000003
0026.02  000.115  0000001  000.692  0000001  002.883  0000004
0027.02  000.111  0000000  000.703  0000001  002.961  0000005
0028.02  000.107  0000000  000.678  0000000  002.963  0000003
0029.03  000.103  0000000  000.723  0000002  003.100  0000007
0030.03  000.100  0000000  000.733  0000001  003.063  0000002
0031.03  000.097  0000000  000.709  0000000  002.997  0000001
0032.02  000.094  0000000  000.687  0000000  003.061  0000005
0033.03  000.091  0000000  000.666  0000000  002.997  0000001
0034.03  000.088  0000000  000.646  0000000  002.968  0000002
0035.03  000.114  0000001  000.714  0000003  003.054  0000006
0036.03  000.111  0000000  000.694  0000000  003.025  0000002
0037.05  000.108  0000000  000.675  0000000  002.969  0000001
0038.03  000.105  0000000  000.657  0000000  002.997  0000004
0039.03  000.102  0000000  000.640  0000000  002.972  0000002
0040.03  000.100  0000000  000.624  0000000  002.898  0000000
0041.03  000.097  0000000  000.609  0000000  002.827  0000000
0042.03  000.095  0000000  000.595  0000000  002.855  0000004
0043.03  000.139  0000002  000.627  0000002  003.021  0000010
0044.05  000.136  0000000  000.658  0000002  003.042  0000004
0045.05  000.133  0000000  000.644  0000000  003.041  0000003
0046.03  000.130  0000000  000.652  0000001  003.041  0000003
0047.03  000.128  0000000  000.702  0000003  003.104  0000006
0048.05  000.125  0000000  000.708  0000001  003.080  0000002
0049.05  000.122  0000000  000.693  0000000  003.038  0000001
0050.05  000.120  0000000  000.719  0000002  003.037  0000003
0051.05  000.118  0000000  000.725  0000001  003.056  0000004
0052.05  000.115  0000000  000.711  0000000  003.016  0000001
0053.05  000.113  0000000  000.735  0000002  003.073  0000006
0054.05  000.111  0000000  000.759  0000002  003.090  0000004
0055.05  000.109  0000000  000.817  0000004  003.215  0000010
0056.05  000.107  0000000  000.803  0000000  003.176  0000001
0057.07  000.105  0000000  000.806  0000001  003.172  0000003
0058.05  000.103  0000000  000.810  0000001  003.187  0000004
0059.05  000.102  0000000  000.830  0000002  003.218  0000005
0060.05  000.100  0000000  000.833  0000001  003.231  0000004
0061.07  000.098  0000000  000.819  0000000  003.226  0000003
0062.07  000.097  0000000  000.822  0000001  003.222  0000003
0063.07  000.095  0000000  000.809  0000000  003.203  0000002
0064.05  000.094  0000000  000.812  0000001  003.263  0000007
0065.07  000.092  0000000  000.815  0000001  003.289  0000005
0066.07  000.106  0000001  000.802  0000000  003.285  0000003
0067.07  000.104  0000000  000.790  0000000  003.265  0000002
0068.07  000.103  0000000  000.793  0000001  003.262  0000003
0069.07  000.101  0000000  000.796  0000001  003.301  0000006
0070.07  000.100  0000000  000.814  0000002  003.354  0000007
0071.07  000.098  0000000  000.802  0000000  003.321  0000001
0072.07  000.097  0000000  000.819  0000002  003.330  0000004
0073.07  000.096  0000000  000.821  0000001  003.353  0000005
0074.08  000.094  0000000  000.823  0000001  003.361  0000004
0075.08  000.093  0000000  000.839  0000002  003.396  0000006
0076.07  000.092  0000000  000.855  0000002  003.431  0000006
0077.07  000.091  0000000  000.856  0000001  003.439  0000004
0078.08  000.090  0000000  000.858  0000001  003.432  0000003
0079.08  000.101  0000001  000.860  0000001  003.490  0000008
0080.08  000.100  0000000  000.849  0000000  003.459  0000001
0081.08  000.099  0000000  000.851  0000001  003.466  0000004
0082.07  000.097  0000000  000.865  0000002  003.497  0000006
0083.07  000.096  0000000  000.855  0000000  003.467  0000001
0084.08  000.095  0000000  000.844  0000000  003.437  0000001
0085.08  000.094  0000000  000.834  0000000  003.420  0000002
0086.08  000.093  0000000  000.836  0000001  003.427  0000004
0087.08  000.092  0000000  000.827  0000000  003.399  0000001
0088.10  000.091  0000000  000.817  0000000  003.360  0000000
0089.08  000.090  0000000  000.819  0000001  003.356  0000003
0090.08  000.089  0000000  000.821  0000001  003.352  0000003
0091.08  000.088  0000000  000.823  0000001  003.338  0000002
0092.10  000.087  0000000  000.836  0000002  003.344  0000004
0093.10  000.086  0000000  000.870  0000004  003.383  0000007
0094.08  000.085  0000000  000.882  0000002  003.401  0000005
0095.08  000.095  0000001  000.883  0000001  003.429  0000006
0096.08  000.094  0000000  000.885  0000001  003.445  0000005
0097.10  000.093  0000000  000.875  0000000  003.440  0000003
0098.10  000.092  0000000  000.887  0000002  003.466  0000006
0099.10  000.091  0000000  000.878  0000000  003.441  0000001
0100.12  000.090  0000000  000.869  0000000  003.416  0000001
0101.12  000.089  0000000  000.870  0000001  003.422  0000004
0102.12  000.088  0000000  000.881  0000002  003.447  0000006
0103.10  000.087  0000000  000.873  0000000  003.443  0000003
0104.12  000.086  0000000  000.864  0000000  003.448  0000004
0105.12  000.086  0000000  000.866  0000001  003.444  0000003
0106.12  000.085  0000000  000.867  0000001  003.449  0000004
0107.12  000.084  0000000  000.878  0000002  003.482  0000007
0108.12  000.083  0000000  000.879  0000001  003.468  0000002
0109.12  000.082  0000000  000.871  0000000  003.455  0000002
0110.12  000.082  0000000  000.872  0000001  003.460  0000004
0111.12  000.081  0000000  000.864  0000000  003.438  0000001
0112.12  000.080  0000000  000.874  0000002  003.443  0000004
0113.13  000.080  0000000  000.866  0000000  003.430  0000002
0114.13  000.079  0000000  000.867  0000001  003.443  0000005
0115.12  000.078  0000000  000.877  0000002  003.449  0000004
0116.12  000.078  0000000  000.878  0000001  003.453  0000004
0117.13  000.077  0000000  000.879  0000001  003.475  0000006
0118.13  000.076  0000000  000.872  0000000  003.462  0000002
0119.13  000.084  0000001  000.873  0000001  003.500  0000008
0120.13  000.083  0000000  000.866  0000000  003.479  0000001
0121.12  000.083  0000000  000.859  0000000  003.476  0000003
0122.13  000.090  0000001  000.860  0000001  003.488  0000005
0123.13  000.089  0000000  000.861  0000001  003.508  0000006
0124.13  000.089  0000000  000.854  0000000  003.488  0000001
0125.13  000.088  0000000  000.847  0000000  003.484  0000003
0126.15  000.087  0000000  000.840  0000000  003.464  0000001
0127.13  000.087  0000000  000.834  0000000  003.469  0000004
0128.13  000.086  0000000  000.835  0000001  003.465  0000003
0129.13  000.085  0000000  000.829  0000000  003.454  0000002
0130.15  000.085  0000000  000.822  0000000  003.450  0000003
0131.15  000.084  0000000  000.816  0000000  003.439  0000002
0132.15  000.083  0000000  000.817  0000001  003.435  0000003
0133.13  000.083  0000000  000.811  0000000  003.425  0000002
0134.13  000.082  0000000  000.805  0000000  003.429  0000004
0135.15  000.081  0000000  000.799  0000000  003.426  0000003
0136.15  000.081  0000000  000.801  0000001  003.415  0000002
0137.15  000.087  0000001  000.802  0000001  003.434  0000006
0138.13  000.087  0000000  000.804  0000001  003.431  0000003
0139.15  000.086  0000000  000.798  0000000  003.428  0000003
0140.15  000.086  0000000  000.799  0000001  003.432  0000004
0141.15  000.085  0000000  000.793  0000000  003.436  0000004
0142.15  000.084  0000000  000.788  0000000  003.433  0000003
0143.17  000.084  0000000  000.789  0000001  003.423  0000002
0144.15  000.090  0000001  000.791  0000001  003.427  0000004
0145.15  000.090  0000000  000.785  0000000  003.424  0000003
0146.15  000.096  0000001  000.780  0000000  003.428  0000004
0147.15  000.102  0000001  000.775  0000000  003.432  0000004
0148.15  000.101  0000000  000.776  0000001  003.456  0000007
0149.15  000.101  0000000  000.778  0000001  003.466  0000005
0150.17  000.113  0000002  000.772  0000000  003.476  0000005
0151.17  000.112  0000000  000.767  0000000  003.466  0000002
0152.17  000.112  0000000  000.769  0000001  003.463  0000003
0153.15  000.111  0000000  000.764  0000000  003.461  0000003
0154.17  000.110  0000000  000.759  0000000  003.444  0000001
0155.17  000.110  0000000  000.767  0000002  003.448  0000004
0156.17  000.109  0000000  000.775  0000002  003.471  0000007
0157.17  000.108  0000000  000.789  0000003  003.499  0000008
0158.18  000.107  0000000  000.790  0000001  003.496  0000003
0159.17  000.107  0000000  000.798  0000002  003.499  0000004
0160.17  000.112  0000001  000.793  0000000  003.503  0000004
0161.17  000.112  0000000  000.807  0000003  003.531  0000008
0162.17  000.111  0000000  000.802  0000000  003.509  0000000
0163.18  000.110  0000000  000.803  0000001  003.505  0000003
0164.18  000.110  0000000  000.798  0000000  003.490  0000001
0165.17  000.109  0000000  000.799  0000001  003.499  0000005
0166.17  000.108  0000000  000.806  0000002  003.509  0000005
0167.18  000.108  0000000  000.802  0000000  003.493  0000001
0168.18  000.107  0000000  000.797  0000000  003.478  0000001
0169.18  000.106  0000000  000.798  0000001  003.487  0000005
0170.18  000.106  0000000  000.799  0000001  003.490  0000004
0171.17  000.105  0000000  000.795  0000000  003.482  0000002
0172.18  000.105  0000000  000.790  0000000  003.473  0000002
0173.18  000.104  0000000  000.791  0000001  003.465  0000002
0174.18  000.103  0000000  000.787  0000000  003.456  0000002
0175.18  000.103  0000000  000.788  0000001  003.459  0000004
0176.20  000.102  0000000  000.789  0000001  003.451  0000002
0177.18  000.102  0000000  000.784  0000000  003.443  0000002
0178.18  000.101  0000000  000.786  0000001  003.435  0000002
0179.18  000.100  0000000  000.781  0000000  003.427  0000002
0180.18  000.105  0000001  000.783  0000001  003.435  0000005
0181.18  000.105  0000000  000.784  0000001  003.439  0000004
0182.20  000.104  0000000  000.790  0000002  003.441  0000004
0183.20  000.104  0000000  000.791  0000001  003.433  0000002
0184.20  000.103  0000000  000.787  0000000  003.431  0000003
0185.18  000.103  0000000  000.788  0000001  003.429  0000003
0186.18  000.102  0000000  000.790  0000001  003.432  0000004
0187.20  000.101  0000000  000.785  0000000  003.413  0000000
0188.20  000.101  0000000  000.792  0000002  003.433  0000007
0189.20  000.100  0000000  000.788  0000000  003.420  0000001
0190.20  000.100  0000000  000.783  0000000  003.417  0000003
0191.20  000.099  0000000  000.785  0000001  003.426  0000005
0192.20  000.099  0000000  000.780  0000000  003.418  0000002
0193.20  000.098  0000000  000.787  0000002  003.437  0000007
0194.20  000.098  0000000  000.788  0000001  003.445  0000005
0195.22  000.097  0000000  000.784  0000000  003.442  0000003
0196.22  000.097  0000000  000.785  0000001  003.450  0000005
0197.20  000.096  0000000  000.786  0000001  003.463  0000006
0198.20  000.096  0000000  000.782  0000000  003.451  0000001
0199.20  000.095  0000000  000.783  0000001  003.454  0000004
0200.22  000.095  0000000  000.794  0000003  003.471  0000007
0201.22  000.094  0000000  000.790  0000000  003.459  0000001
0202.22  000.099  0000001  000.786  0000000  003.462  0000004
0203.20  000.098  0000000  000.787  0000001  003.469  0000005
0204.22  000.098  0000000  000.788  0000001  003.472  0000004
0205.22  000.097  0000000  000.785  0000000  003.460  0000001
0206.22  000.097  0000000  000.790  0000002  003.467  0000005
0207.22  000.097  0000000  000.787  0000000  003.460  0000002
0208.22  000.106  0000002  000.788  0000001  003.492  0000010
0209.22  000.105  0000000  000.784  0000000  003.484  0000002
0210.23  000.105  0000000  000.780  0000000  003.472  0000001
0211.23  000.104  0000000  000.781  0000001  003.470  0000003
0212.22  000.104  0000000  000.787  0000002  003.492  0000008
0213.22  000.103  0000000  000.783  0000000  003.494  0000004
0214.22  000.103  0000000  000.794  0000003  003.510  0000007
0215.23  000.102  0000000  000.790  0000000  003.508  0000003
0216.23  000.102  0000000  000.786  0000000  003.501  0000002
0217.23  000.101  0000000  000.783  0000000  003.489  0000001
0218.22  000.101  0000000  000.784  0000001  003.497  0000005
0219.23  000.100  0000000  000.789  0000002  003.499  0000004
0220.23  000.104  0000001  000.790  0000001  003.533  0000011
0221.23  000.104  0000000  000.786  0000000  003.530  0000003
0222.23  000.103  0000000  000.783  0000000  003.523  0000002
0223.23  000.108  0000001  000.784  0000001  003.530  0000005
0224.23  000.107  0000000  000.780  0000000  003.519  0000001
0225.23  000.107  0000000  000.777  0000000  003.512  0000002
0226.23  000.111  0000001  000.778  0000001  003.523  0000006
0227.23  000.110  0000000  000.779  0000001  003.516  0000002
0228.25  000.110  0000000  000.775  0000000  003.501  0000000
0229.23  000.109  0000000  000.772  0000000  003.499  0000003
0230.23  000.109  0000000  000.769  0000000  003.488  0000001
0231.23  000.108  0000000  000.765  0000000  003.490  0000004
0232.25  000.108  0000000  000.766  0000001  003.492  0000004
0233.25  000.107  0000000  000.767  0000001  003.511  0000008
0234.25  000.107  0000000  000.768  0000001  003.513  0000004
0235.23  000.106  0000000  000.765  0000000  003.511  0000003
0236.25  000.106  0000000  000.762  0000000  003.517  0000005
0237.25  000.105  0000000  000.759  0000000  003.515  0000003
0238.25  000.105  0000000  000.760  0000001  003.513  0000003
0239.25  000.104  0000000  000.757  0000000  003.519  0000005
0240.25  000.104  0000000  000.753  0000000  003.521  0000004
0241.25  000.104  0000000  000.754  0000001  003.527  0000005
0242.25  000.107  0000001  000.755  0000001  003.534  0000005
0243.25  000.107  0000000  000.756  0000001  003.531  0000003
0244.25  000.106  0000000  000.753  0000000  003.517  0000000
0245.27  000.110  0000001  000.762  0000003  003.535  0000008
0246.27  000.110  0000000  000.759  0000000  003.521  0000000
0247.25  000.109  0000000  000.756  0000000  003.507  0000000
0248.25  000.109  0000000  000.753  0000000  003.505  0000003
0249.27  000.108  0000000  000.750  0000000  003.498  0000002
0250.27  000.108  0000000  000.747  0000000  003.496  0000003
0251.27  000.107  0000000  000.744  0000000  003.490  0000002
0252.27  000.107  0000000  000.745  0000001  003.488  0000003
0253.25  000.107  0000000  000.746  0000001  003.495  0000005
0254.27  000.110  0000001  000.751  0000002  003.516  0000009
0255.27  000.110  0000000  000.752  0000001  003.518  0000004
0256.27  000.109  0000000  000.749  0000000  003.524  0000005
0257.27  000.109  0000000  000.746  0000000  003.526  0000004
Group 4 Stopped 6/14/2021  14:04:03
 
Count Summary
C:RaDeCC\DataRaDeCC.sum
Runtime  CPM219   Cnt219  CPM220   Cnt220  CPMTot   CntTot
0257.48  000.109  000028  000.746  000192  003.523  000907
System Number 4
(219:Delay= 0.01 Window= 5.6)(220:Delay= 5.61 Window= 600)
Eff Last Updated  15Jan13  219= Uset  220= Uset  Tot= Uset

