C:\RaDeCC\Data\AL557_062021\140621_orange_St9_2.txt
Start Time 6/14/2021  23:40:16
Runtime  CPM219   Cnt219   CPM220   Cnt220   CPMTot   CntTot
0000.98  000.000  0000000  000.000  0000000  000.000  0000000
0001.98  000.000  0000000  001.008  0000002  002.017  0000004
0002.98  000.000  0000000  000.670  0000000  001.341  0000000
0004.00  000.000  0000000  000.750  0000001  001.750  0000003
0005.00  000.000  0000000  000.600  0000000  001.800  0000002
0006.00  000.000  0000000  000.500  0000000  001.667  0000001
0006.98  000.143  0000001  000.430  0000000  002.148  0000005
0008.00  000.125  0000000  000.750  0000003  002.750  0000007
0009.00  000.333  0000002  000.889  0000002  003.333  0000008
0010.00  000.300  0000000  000.900  0000001  003.300  0000003
0011.00  000.364  0000001  000.909  0000001  003.545  0000006
0012.02  000.333  0000000  000.915  0000001  003.412  0000002
0013.00  000.308  0000000  000.846  0000000  003.308  0000002
0014.00  000.286  0000000  000.786  0000000  003.071  0000000
0015.00  000.267  0000000  000.800  0000001  003.000  0000002
0016.02  000.250  0000000  000.749  0000000  002.997  0000003
0017.02  000.294  0000001  000.705  0000000  002.938  0000002
0018.00  000.278  0000000  000.722  0000001  003.056  0000005
0019.02  000.263  0000000  000.736  0000001  002.997  0000002
0020.02  000.250  0000000  000.799  0000002  003.197  0000007
0021.02  000.285  0000001  000.856  0000002  003.331  0000006
0022.02  000.273  0000000  000.818  0000000  003.270  0000002
0023.03  000.260  0000000  000.868  0000002  003.300  0000004
0024.02  000.250  0000000  000.874  0000001  003.331  0000004
0025.02  000.240  0000000  000.839  0000000  003.278  0000002
0026.02  000.269  0000001  000.846  0000001  003.344  0000005
0027.02  000.259  0000000  000.814  0000000  003.331  0000003
0028.03  000.250  0000000  000.820  0000001  003.282  0000002
0029.03  000.241  0000000  000.792  0000000  003.238  0000002
0030.02  000.233  0000000  000.766  0000000  003.165  0000001
0031.02  000.226  0000000  000.774  0000001  003.160  0000003
0032.03  000.250  0000001  000.749  0000000  003.153  0000003
0033.02  000.242  0000000  000.787  0000002  003.210  0000005
0034.03  000.235  0000000  000.793  0000001  003.203  0000003
0035.03  000.228  0000000  000.771  0000000  003.140  0000001
0036.03  000.222  0000000  000.777  0000001  003.108  0000002
0037.03  000.243  0000001  000.756  0000000  003.105  0000003
0038.03  000.237  0000000  000.762  0000001  003.076  0000002
0039.03  000.231  0000000  000.743  0000000  003.023  0000001
0040.03  000.225  0000000  000.774  0000002  003.047  0000004
0041.03  000.219  0000000  000.780  0000001  003.046  0000003
0042.03  000.214  0000000  000.809  0000002  003.069  0000004
0043.03  000.232  0000001  000.790  0000000  003.044  0000002
0044.05  000.227  0000000  000.772  0000000  002.997  0000001
0045.03  000.222  0000000  000.755  0000000  002.953  0000001
0046.03  000.217  0000000  000.782  0000002  003.020  0000006
0047.03  000.213  0000000  000.787  0000001  003.019  0000003
0048.05  000.208  0000000  000.791  0000001  003.018  0000003
0049.05  000.204  0000000  000.775  0000000  002.977  0000001
0050.05  000.200  0000000  000.779  0000001  003.037  0000006
0051.03  000.196  0000000  000.764  0000000  002.978  0000000
0052.05  000.231  0000002  000.768  0000001  003.055  0000007
0053.05  000.226  0000000  000.773  0000001  003.054  0000003
0054.05  000.222  0000000  000.814  0000003  003.145  0000008
0055.05  000.236  0000001  000.799  0000000  003.124  0000002
0056.05  000.232  0000000  000.803  0000001  003.140  0000004
0057.05  000.228  0000000  000.806  0000001  003.155  0000004
0058.05  000.224  0000000  000.844  0000003  003.204  0000006
0059.07  000.220  0000000  000.897  0000004  003.335  0000011
0060.05  000.216  0000000  000.899  0000001  003.397  0000007
0061.05  000.213  0000000  000.901  0000001  003.374  0000002
0062.05  000.210  0000000  000.902  0000001  003.384  0000004
0063.07  000.206  0000000  000.904  0000001  003.425  0000006
0064.07  000.203  0000000  000.905  0000001  003.465  0000006
0065.07  000.200  0000000  000.907  0000001  003.489  0000005
0066.05  000.197  0000000  000.908  0000001  003.497  0000004
0067.07  000.209  0000001  000.895  0000000  003.489  0000003
0068.07  000.220  0000001  000.881  0000000  003.511  0000005
0069.07  000.232  0000001  000.883  0000001  003.591  0000009
0070.07  000.228  0000000  000.885  0000001  003.582  0000003
0071.05  000.225  0000000  000.901  0000002  003.603  0000005
0072.07  000.222  0000000  000.902  0000001  003.594  0000003
0073.07  000.219  0000000  000.890  0000000  003.572  0000002
0074.07  000.230  0000001  000.878  0000000  003.551  0000002
0075.07  000.240  0000001  000.893  0000002  003.597  0000007
0076.08  000.237  0000000  000.894  0000001  003.588  0000003
0077.07  000.234  0000000  000.934  0000004  003.633  0000007
0078.07  000.231  0000000  000.922  0000000  003.625  0000003
0079.07  000.228  0000000  000.936  0000002  003.617  0000003
0080.08  000.237  0000001  000.937  0000001  003.646  0000006
0081.08  000.234  0000000  000.925  0000000  003.601  0000000
0082.08  000.231  0000000  000.914  0000000  003.570  0000001
0083.07  000.229  0000000  000.915  0000001  003.551  0000002
0084.07  000.226  0000000  000.904  0000000  003.509  0000000
0085.08  000.223  0000000  000.893  0000000  003.479  0000001
0086.08  000.221  0000000  000.883  0000000  003.462  0000002
0087.08  000.218  0000000  000.896  0000002  003.479  0000005
0088.08  000.216  0000000  000.897  0000001  003.474  0000003
0089.08  000.213  0000000  000.887  0000000  003.446  0000001
0090.08  000.211  0000000  000.888  0000001  003.452  0000004
0091.08  000.209  0000000  000.900  0000002  003.458  0000004
0092.08  000.206  0000000  000.890  0000000  003.432  0000001
0093.08  000.204  0000000  000.881  0000000  003.395  0000000
0094.08  000.202  0000000  000.893  0000002  003.401  0000004
0095.10  000.210  0000001  000.904  0000002  003.428  0000006
0096.10  000.229  0000002  000.916  0000002  003.496  0000010
0097.08  000.227  0000000  000.927  0000002  003.502  0000004
0098.08  000.224  0000000  000.918  0000000  003.487  0000002
0099.10  000.222  0000000  000.908  0000000  003.461  0000001
0100.10  000.220  0000000  000.899  0000000  003.467  0000004
0101.10  000.218  0000000  000.910  0000002  003.472  0000004
0102.10  000.215  0000000  000.901  0000000  003.457  0000002
0103.08  000.213  0000000  000.892  0000000  003.424  0000000
0104.10  000.211  0000000  000.913  0000003  003.449  0000006
0105.10  000.209  0000000  000.923  0000002  003.463  0000005
0106.10  000.207  0000000  000.924  0000001  003.459  0000003
0107.10  000.205  0000000  000.924  0000001  003.483  0000006
0108.10  000.204  0000000  000.934  0000002  003.488  0000004
0109.10  000.202  0000000  000.935  0000001  003.483  0000003
0110.12  000.200  0000000  000.935  0000001  003.496  0000005
0111.10  000.198  0000000  000.945  0000002  003.519  0000006
0112.10  000.196  0000000  000.937  0000000  003.506  0000002
0113.10  000.195  0000000  000.928  0000000  003.501  0000003
0114.12  000.202  0000001  000.929  0000001  003.531  0000007
0115.12  000.208  0000001  000.929  0000001  003.536  0000004
0116.12  000.207  0000000  000.921  0000000  003.514  0000001
0117.10  000.205  0000000  000.914  0000000  003.501  0000002
0118.10  000.203  0000000  000.914  0000001  003.497  0000003
0119.12  000.201  0000000  000.907  0000000  003.492  0000003
0120.12  000.200  0000000  000.899  0000000  003.480  0000002
0121.12  000.215  0000002  000.916  0000003  003.542  0000011
0122.12  000.213  0000000  000.917  0000001  003.546  0000004
0123.12  000.211  0000000  000.926  0000002  003.566  0000006
0124.12  000.209  0000000  000.935  0000002  003.585  0000006
0125.12  000.216  0000001  000.927  0000000  003.613  0000007
0126.12  000.214  0000000  000.951  0000004  003.639  0000007
0127.13  000.212  0000000  000.944  0000000  003.626  0000002
0128.13  000.211  0000000  000.952  0000002  003.629  0000004
0129.12  000.209  0000000  000.960  0000002  003.648  0000006
0130.12  000.208  0000000  000.961  0000001  003.635  0000002
0131.12  000.206  0000000  000.953  0000000  003.623  0000002
0132.13  000.204  0000000  000.954  0000001  003.625  0000004
0133.13  000.203  0000000  000.946  0000000  003.598  0000000
0134.13  000.209  0000001  000.947  0000001  003.601  0000004
0135.12  000.222  0000002  000.947  0000001  003.641  0000009
0136.13  000.228  0000001  000.955  0000002  003.688  0000010
0137.13  000.226  0000000  000.955  0000001  003.683  0000003
0138.13  000.224  0000000  000.948  0000000  003.678  0000003
0139.13  000.223  0000000  000.949  0000001  003.687  0000005
0140.15  000.221  0000000  000.949  0000001  003.682  0000003
0141.13  000.220  0000000  000.949  0000001  003.692  0000005
0142.13  000.218  0000000  000.950  0000001  003.680  0000002
0143.13  000.217  0000000  000.950  0000001  003.682  0000004
0144.13  000.215  0000000  000.944  0000000  003.663  0000001
0145.15  000.214  0000000  000.937  0000000  003.651  0000002
0146.15  000.212  0000000  000.937  0000001  003.654  0000004
0147.13  000.211  0000000  000.931  0000000  003.650  0000003
0148.13  000.216  0000001  000.925  0000000  003.666  0000006
0149.15  000.215  0000000  000.932  0000002  003.674  0000005
0150.15  000.213  0000000  000.926  0000000  003.683  0000005
0151.15  000.212  0000000  000.926  0000001  003.678  0000003
0152.15  000.217  0000001  000.920  0000000  003.674  0000003
0153.15  000.215  0000000  000.921  0000001  003.689  0000006
0154.15  000.214  0000000  000.915  0000000  003.685  0000003
0155.15  000.213  0000000  000.928  0000003  003.700  0000006
0156.15  000.211  0000000  000.922  0000000  003.695  0000003
0157.15  000.210  0000000  000.923  0000001  003.710  0000006
0158.15  000.209  0000000  000.923  0000001  003.724  0000006
0159.15  000.207  0000000  000.924  0000001  003.739  0000006
0160.15  000.206  0000000  000.924  0000001  003.746  0000005
0161.15  000.211  0000001  000.918  0000000  003.754  0000005
0162.17  000.210  0000000  000.913  0000000  003.737  0000001
0163.17  000.215  0000001  000.907  0000000  003.726  0000002
0164.15  000.213  0000000  000.908  0000001  003.722  0000003
0165.15  000.212  0000000  000.908  0000001  003.712  0000002
0166.17  000.211  0000000  000.903  0000000  003.701  0000002
0167.17  000.209  0000000  000.897  0000000  003.697  0000003
0168.17  000.208  0000000  000.898  0000001  003.693  0000003
0169.17  000.207  0000000  000.893  0000000  003.683  0000002
0170.15  000.206  0000000  000.899  0000002  003.697  0000006
0171.17  000.204  0000000  000.900  0000001  003.692  0000003
0172.17  000.203  0000000  000.894  0000000  003.682  0000002
0173.17  000.202  0000000  000.901  0000002  003.702  0000007
0174.17  000.201  0000000  000.901  0000001  003.692  0000002
0175.17  000.206  0000001  000.908  0000002  003.716  0000008
0176.18  000.204  0000000  000.908  0000001  003.712  0000003
0177.17  000.203  0000000  000.909  0000001  003.725  0000006
0178.17  000.202  0000000  000.904  0000000  003.704  0000000
0179.17  000.201  0000000  000.904  0000001  003.700  0000003
0180.18  000.200  0000000  000.899  0000000  003.691  0000002
0181.18  000.199  0000000  000.894  0000000  003.676  0000001
0182.18  000.198  0000000  000.889  0000000  003.667  0000002
0183.17  000.197  0000000  000.884  0000000  003.652  0000001
0184.18  000.201  0000001  000.885  0000001  003.681  0000009
0185.18  000.200  0000000  000.886  0000001  003.672  0000002
0186.18  000.204  0000001  000.881  0000000  003.674  0000004
0187.18  000.203  0000000  000.881  0000001  003.670  0000003
0188.18  000.202  0000000  000.877  0000000  003.656  0000001
0189.18  000.201  0000000  000.877  0000001  003.653  0000003
0190.18  000.200  0000000  000.878  0000001  003.665  0000006
0191.20  000.204  0000001  000.879  0000001  003.677  0000006
0192.18  000.203  0000000  000.874  0000000  003.663  0000001
0193.18  000.202  0000000  000.875  0000001  003.655  0000002
0194.18  000.201  0000000  000.875  0000001  003.667  0000006
0195.20  000.205  0000001  000.876  0000001  003.689  0000008
0196.20  000.204  0000000  000.872  0000000  003.680  0000002
0197.20  000.203  0000000  000.867  0000000  003.671  0000002
0198.18  000.202  0000000  000.863  0000000  003.653  0000000
0199.18  000.201  0000000  000.869  0000002  003.670  0000007
0200.20  000.200  0000000  000.864  0000000  003.666  0000003
0201.20  000.199  0000000  000.870  0000002  003.703  0000011
0202.20  000.198  0000000  000.870  0000001  003.704  0000004
0203.18  000.197  0000000  000.871  0000001  003.706  0000004
0204.20  000.196  0000000  000.881  0000003  003.737  0000010
0205.20  000.195  0000000  000.877  0000000  003.728  0000002
0206.20  000.194  0000000  000.873  0000000  003.715  0000001
0207.20  000.193  0000000  000.874  0000001  003.721  0000005
0208.22  000.197  0000001  000.879  0000002  003.736  0000007
0209.20  000.196  0000000  000.894  0000004  003.762  0000009
0210.20  000.195  0000000  000.890  0000000  003.754  0000002
0211.20  000.194  0000000  000.885  0000000  003.741  0000001
0212.20  000.193  0000000  000.881  0000000  003.737  0000003
0213.22  000.192  0000000  000.877  0000000  003.724  0000001
0214.22  000.191  0000000  000.882  0000002  003.725  0000004
0215.20  000.191  0000000  000.888  0000002  003.736  0000006
0216.20  000.190  0000000  000.883  0000000  003.737  0000004
0217.22  000.189  0000000  000.884  0000001  003.743  0000005
0218.22  000.192  0000001  000.889  0000002  003.758  0000007
0219.22  000.192  0000000  000.894  0000002  003.763  0000005
0220.22  000.191  0000000  000.890  0000000  003.764  0000004
0221.22  000.190  0000000  000.900  0000003  003.779  0000007
0222.22  000.189  0000000  000.900  0000001  003.776  0000003
0223.22  000.188  0000000  000.896  0000000  003.763  0000001
0224.22  000.187  0000000  000.896  0000001  003.764  0000004
0225.22  000.186  0000000  000.910  0000004  003.783  0000008
0226.23  000.190  0000001  000.911  0000001  003.806  0000009
0227.22  000.189  0000000  000.920  0000003  003.816  0000006
0228.22  000.188  0000000  000.916  0000000  003.812  0000003
0229.22  000.188  0000000  000.916  0000001  003.804  0000002
0230.23  000.187  0000000  000.925  0000003  003.827  0000009
0231.23  000.190  0000001  000.921  0000000  003.823  0000003
0232.23  000.194  0000001  000.917  0000000  003.815  0000002
0233.22  000.193  0000000  000.913  0000000  003.799  0000000
0234.23  000.192  0000000  000.918  0000002  003.804  0000005
0235.23  000.191  0000000  000.918  0000001  003.805  0000004
0236.23  000.190  0000000  000.914  0000000  003.797  0000002
0237.23  000.194  0000001  000.915  0000001  003.802  0000005
0238.23  000.197  0000001  000.919  0000002  003.811  0000006
0239.23  000.196  0000000  000.915  0000000  003.795  0000000
0240.23  000.196  0000000  000.920  0000002  003.800  0000005
0241.23  000.195  0000000  000.924  0000002  003.805  0000005
0242.23  000.194  0000000  000.921  0000000  003.794  0000001
0243.25  000.193  0000000  000.925  0000002  003.803  0000006
0244.25  000.192  0000000  000.921  0000000  003.795  0000002
0245.23  000.192  0000000  000.917  0000000  003.800  0000005
0246.23  000.191  0000000  000.914  0000000  003.789  0000001
0247.25  000.190  0000000  000.914  0000001  003.786  0000003
0248.25  000.189  0000000  000.910  0000000  003.778  0000002
0249.25  000.189  0000000  000.911  0000001  003.783  0000005
0250.23  000.188  0000000  000.907  0000000  003.776  0000002
0251.23  000.187  0000000  000.908  0000001  003.781  0000005
0252.25  000.186  0000000  000.908  0000001  003.786  0000005
0253.25  000.186  0000000  000.904  0000000  003.787  0000004
0254.25  000.189  0000001  000.916  0000004  003.819  0000012
0255.25  000.188  0000000  000.917  0000001  003.820  0000004
0256.25  000.187  0000000  000.917  0000001  003.820  0000004
0257.25  000.190  0000001  000.929  0000004  003.852  0000012
0258.25  000.190  0000000  000.929  0000001  003.857  0000005
0259.25  000.189  0000000  000.933  0000002  003.865  0000006
0260.27  000.192  0000001  000.934  0000001  003.869  0000005
0261.27  000.195  0000001  000.938  0000002  003.893  0000010
0262.25  000.194  0000000  000.934  0000000  003.889  0000003
0263.25  000.194  0000000  000.934  0000001  003.890  0000004
0264.25  000.193  0000000  000.935  0000001  003.890  0000004
0265.27  000.196  0000001  000.939  0000002  003.902  0000007
0266.27  000.195  0000000  000.935  0000000  003.887  0000000
0267.27  000.195  0000000  000.932  0000000  003.876  0000001
0268.25  000.194  0000000  000.932  0000001  003.877  0000004
0269.27  000.193  0000000  000.928  0000000  003.866  0000001
0270.27  000.192  0000000  000.929  0000001  003.863  0000003
0271.27  000.192  0000000  000.925  0000000  003.852  0000001
0272.27  000.191  0000000  000.922  0000000  003.842  0000001
0273.28  000.190  0000000  000.918  0000000  003.831  0000001
0274.27  000.190  0000000  000.919  0000001  003.836  0000005
0275.27  000.189  0000000  000.926  0000003  003.851  0000008
0276.27  000.188  0000000  000.927  0000001  003.851  0000004
0277.27  000.188  0000000  000.927  0000001  003.855  0000005
0278.28  000.187  0000000  000.931  0000002  003.863  0000006
0279.28  000.186  0000000  000.935  0000002  003.885  0000010
0280.27  000.186  0000000  000.931  0000000  003.871  0000000
0281.27  000.185  0000000  000.928  0000000  003.868  0000003
0282.28  000.184  0000000  000.925  0000000  003.865  0000003
0283.28  000.184  0000000  000.928  0000002  003.883  0000009
0284.28  000.183  0000000  000.925  0000000  003.869  0000000
0285.28  000.186  0000001  000.929  0000002  003.887  0000009
0286.28  000.185  0000000  000.926  0000000  003.874  0000000
0287.28  000.184  0000000  000.922  0000000  003.860  0000000
0288.28  000.187  0000001  000.923  0000001  003.875  0000008
0289.28  000.187  0000000  000.920  0000000  003.865  0000001
0290.28  000.186  0000000  000.916  0000000  003.855  0000001
0291.30  000.185  0000000  000.913  0000000  003.855  0000004
0292.28  000.185  0000000  000.913  0000001  003.859  0000005
0293.28  000.184  0000000  000.910  0000000  003.860  0000004
0294.28  000.183  0000000  000.914  0000002  003.870  0000007
0295.30  000.183  0000000  000.914  0000001  003.867  0000003
0296.30  000.182  0000000  000.911  0000000  003.861  0000002
0297.28  000.182  0000000  000.908  0000000  003.848  0000000
0298.28  000.181  0000000  000.905  0000000  003.839  0000001
0299.30  000.180  0000000  000.905  0000001  003.832  0000002
0300.30  000.180  0000000  000.902  0000000  003.830  0000003
0301.30  000.179  0000000  000.903  0000001  003.830  0000004
0302.30  000.179  0000000  000.900  0000000  003.827  0000003
0303.28  000.178  0000000  000.897  0000000  003.825  0000003
0304.30  000.177  0000000  000.900  0000002  003.842  0000009
0305.30  000.177  0000000  000.897  0000000  003.842  0000004
0306.30  000.176  0000000  000.895  0000000  003.839  0000003
0307.30  000.176  0000000  000.892  0000000  003.837  0000003
0308.32  000.175  0000000  000.889  0000000  003.834  0000003
0309.30  000.175  0000000  000.886  0000000  003.834  0000004
0310.30  000.174  0000000  000.886  0000001  003.841  0000006
0311.30  000.173  0000000  000.890  0000002  003.852  0000007
0312.32  000.176  0000001  000.890  0000001  003.865  0000008
0313.32  000.176  0000000  000.890  0000001  003.871  0000006
0314.32  000.181  0000002  000.888  0000000  003.872  0000004
0315.30  000.181  0000000  000.885  0000000  003.869  0000003
0316.30  000.180  0000000  000.888  0000002  003.879  0000007
0317.32  000.180  0000000  000.895  0000003  003.898  0000010
0318.32  000.182  0000001  000.892  0000000  003.905  0000006
0319.32  000.182  0000000  000.889  0000000  003.893  0000000
0320.32  000.181  0000000  000.887  0000000  003.887  0000002
0321.32  000.181  0000000  000.884  0000000  003.881  0000002
0322.32  000.180  0000000  000.887  0000002  003.894  0000008
0323.32  000.179  0000000  000.885  0000000  003.891  0000003
0324.32  000.179  0000000  000.882  0000000  003.894  0000005
0325.33  000.178  0000000  000.882  0000001  003.891  0000003
0326.33  000.178  0000000  000.879  0000000  003.889  0000003
0327.32  000.177  0000000  000.886  0000003  003.895  0000006
0328.32  000.177  0000000  000.886  0000001  003.908  0000008
0329.32  000.176  0000000  000.884  0000000  003.902  0000002
0330.33  000.176  0000000  000.881  0000000  003.896  0000002
0331.33  000.175  0000000  000.881  0000001  003.896  0000004
0332.33  000.175  0000000  000.879  0000000  003.897  0000004
0333.32  000.177  0000001  000.879  0000001  003.909  0000008
0334.33  000.176  0000000  000.879  0000001  003.903  0000002
0335.33  000.176  0000000  000.880  0000001  003.907  0000005
0336.33  000.181  0000002  000.877  0000000  003.925  0000010
0337.33  000.184  0000001  000.875  0000000  003.922  0000003
0338.35  000.183  0000000  000.881  0000003  003.934  0000008
0339.33  000.183  0000000  000.878  0000000  003.922  0000000
0340.33  000.182  0000000  000.881  0000002  003.937  0000009
0341.33  000.185  0000001  000.888  0000003  003.949  0000008
0342.33  000.184  0000000  000.885  0000000  003.952  0000005
0343.35  000.183  0000000  000.885  0000001  003.955  0000005
0344.35  000.183  0000000  000.883  0000000  003.958  0000005
0345.33  000.182  0000000  000.883  0000001  003.958  0000004
0346.33  000.185  0000001  000.884  0000001  003.967  0000007
0347.35  000.184  0000000  000.881  0000000  003.967  0000004
0348.35  000.184  0000000  000.878  0000000  003.964  0000003
0349.35  000.186  0000001  000.876  0000000  003.982  0000010
0350.35  000.188  0000001  000.879  0000002  003.985  0000005
0351.33  000.188  0000000  000.877  0000000  003.991  0000006
0352.35  000.187  0000000  000.880  0000002  003.999  0000007
0353.35  000.187  0000000  000.883  0000002  004.022  0000012
0354.35  000.186  0000000  000.886  0000002  004.033  0000008
0355.35  000.189  0000001  000.884  0000000  004.041  0000007
0356.37  000.188  0000000  000.881  0000000  004.035  0000002
0357.35  000.187  0000000  000.884  0000002  004.046  0000008
0358.37  000.187  0000000  000.885  0000001  004.052  0000006
0359.35  000.189  0000001  000.885  0000001  004.057  0000006
0360.35  000.189  0000000  000.888  0000002  004.060  0000005
0361.35  000.191  0000001  000.886  0000000  004.057  0000003
0362.37  000.190  0000000  000.886  0000001  004.068  0000008
0363.37  000.190  0000000  000.883  0000000  004.062  0000002
0364.37  000.189  0000000  000.881  0000000  004.062  0000004
0365.35  000.189  0000000  000.890  0000004  004.076  0000009
0366.35  000.191  0000001  000.890  0000001  004.075  0000004
0367.37  000.191  0000000  000.893  0000002  004.080  0000006
0368.37  000.190  0000000  000.893  0000001  004.077  0000003
0369.37  000.190  0000000  000.896  0000002  004.085  0000007
0370.37  000.192  0000001  000.894  0000000  004.093  0000007
0371.37  000.191  0000000  000.894  0000001  004.090  0000003
0372.37  000.191  0000000  000.897  0000002  004.098  0000007
0373.37  000.190  0000000  000.897  0000001  004.098  0000004
0374.37  000.190  0000000  000.898  0000001  004.100  0000005
0375.38  000.189  0000000  000.898  0000001  004.097  0000003
0376.38  000.191  0000001  000.895  0000000  004.108  0000008
0377.37  000.191  0000000  000.893  0000000  004.107  0000004
0378.37  000.190  0000000  000.891  0000000  004.104  0000003
0379.37  000.190  0000000  000.891  0000001  004.112  0000007
0380.38  000.189  0000000  000.889  0000000  004.106  0000002
0381.38  000.189  0000000  000.889  0000001  004.103  0000003
0382.38  000.188  0000000  000.889  0000001  004.101  0000003
0383.37  000.188  0000000  000.892  0000002  004.108  0000007
0384.38  000.190  0000001  000.890  0000000  004.113  0000006
0385.38  000.189  0000000  000.887  0000000  004.115  0000005
0386.38  000.189  0000000  000.885  0000000  004.110  0000002
0387.38  000.188  0000000  000.888  0000002  004.120  0000008
0388.40  000.188  0000000  000.888  0000001  004.122  0000005
0389.38  000.187  0000000  000.894  0000003  004.135  0000009
0390.38  000.187  0000000  000.894  0000001  004.142  0000007
0391.38  000.189  0000001  000.892  0000000  004.144  0000005
0392.38  000.189  0000000  000.892  0000001  004.144  0000004
0393.40  000.188  0000000  000.892  0000001  004.143  0000004
0394.40  000.190  0000001  000.890  0000000  004.146  0000005
0395.38  000.190  0000000  000.888  0000000  004.140  0000002
0396.38  000.189  0000000  000.886  0000000  004.135  0000002
0397.40  000.189  0000000  000.888  0000002  004.147  0000009
0398.40  000.188  0000000  000.889  0000001  004.152  0000006
0399.40  000.188  0000000  000.886  0000000  004.149  0000003
0400.38  000.187  0000000  000.887  0000001  004.151  0000005
0401.40  000.187  0000000  000.884  0000000  004.148  0000003
0402.40  000.186  0000000  000.887  0000002  004.160  0000009
0403.40  000.186  0000000  000.885  0000000  004.155  0000002
0404.40  000.185  0000000  000.883  0000000  004.152  0000003
0405.40  000.185  0000000  000.883  0000001  004.149  0000003
0406.40  000.185  0000000  000.891  0000004  004.161  0000009
0407.40  000.187  0000001  000.889  0000000  004.158  0000003
0408.40  000.186  0000000  000.886  0000000  004.150  0000001
0409.40  000.186  0000000  000.889  0000002  004.160  0000008
0410.42  000.185  0000000  000.887  0000000  004.157  0000003
0411.42  000.185  0000000  000.885  0000000  004.154  0000003
Group 2 Stopped 6/15/2021  06:32:13
 
Count Summary
C:RaDeCC\DataRaDeCC.sum
Runtime  CPM219   Cnt219  CPM220   Cnt220  CPMTot   CntTot
0411.95  000.184  000076  000.886  000365  004.156  001712
System Number 2
(219:Delay= 0.01 Window= 5.6)(220:Delay= 5.61 Window= 600)
Eff Last Updated  15Jan13  219= Uset  220= Uset  Tot= Uset

