C:\RaDeCC\Data\AL557_062021\140621_grey_St10_2_blank.txt
Start Time 6/14/2021  22:04:20
Runtime  CPM219   Cnt219   CPM220   Cnt220   CPMTot   CntTot
0000.98  000.000  0000000  000.000  0000000  002.034  0000002
0001.98  000.000  0000000  000.000  0000000  002.521  0000003
0003.00  000.000  0000000  000.000  0000000  002.000  0000001
0004.00  000.000  0000000  000.000  0000000  001.750  0000001
0005.00  000.000  0000000  000.000  0000000  001.600  0000001
0006.00  000.000  0000000  000.000  0000000  001.333  0000000
0006.98  000.000  0000000  000.000  0000000  001.146  0000000
0008.00  000.000  0000000  000.000  0000000  001.000  0000000
0009.00  000.000  0000000  000.000  0000000  000.889  0000000
0010.00  000.000  0000000  000.000  0000000  000.800  0000000
0011.00  000.000  0000000  000.000  0000000  000.818  0000001
0012.00  000.000  0000000  000.000  0000000  000.833  0000001
0013.00  000.000  0000000  000.000  0000000  000.769  0000000
0014.00  000.000  0000000  000.000  0000000  000.786  0000001
0015.00  000.000  0000000  000.000  0000000  000.800  0000001
0016.02  000.000  0000000  000.000  0000000  000.749  0000000
0017.02  000.000  0000000  000.000  0000000  000.705  0000000
0018.02  000.000  0000000  000.000  0000000  000.722  0000001
0019.02  000.000  0000000  000.000  0000000  000.684  0000000
0020.02  000.000  0000000  000.000  0000000  000.649  0000000
0021.00  000.000  0000000  000.048  0000001  000.714  0000002
0022.02  000.000  0000000  000.045  0000000  000.681  0000000
0023.02  000.000  0000000  000.043  0000000  000.652  0000000
0024.02  000.000  0000000  000.042  0000000  000.666  0000001
0025.02  000.000  0000000  000.040  0000000  000.640  0000000
0026.00  000.000  0000000  000.038  0000000  000.731  0000003
0027.02  000.000  0000000  000.037  0000000  000.703  0000000
0028.02  000.000  0000000  000.036  0000000  000.714  0000001
0029.02  000.000  0000000  000.034  0000000  000.724  0000001
0030.02  000.000  0000000  000.033  0000000  000.733  0000001
0031.03  000.000  0000000  000.032  0000000  000.709  0000000
0032.02  000.000  0000000  000.031  0000000  000.687  0000000
0033.02  000.000  0000000  000.030  0000000  000.697  0000001
0034.02  000.000  0000000  000.029  0000000  000.735  0000002
0035.03  000.000  0000000  000.029  0000000  000.742  0000001
0036.03  000.000  0000000  000.028  0000000  000.722  0000000
0037.03  000.000  0000000  000.027  0000000  000.702  0000000
0038.02  000.000  0000000  000.026  0000000  000.684  0000000
Group 1 Stopped 6/14/2021  22:43:08
 
Count Summary
C:RaDeCC\DataRaDeCC.sum
Runtime  CPM219   Cnt219  CPM220   Cnt220  CPMTot   CntTot
0038.80  000.000  000000  000.026  000001  000.670  000026
System Number 1
(219:Delay= 0.01 Window= 5.6)(220:Delay= 5.61 Window= 600)
Eff Last Updated  15Jan13  219= Uset  220= Uset  Tot= Uset

