C:\RaDeCC\Data\AL557_062021\140621_orange_St9_2_blank.txt
Start Time 6/14/2021  22:02:59
Runtime  CPM219   Cnt219   CPM220   Cnt220   CPMTot   CntTot
0001.00  000.000  0000000  000.000  0000000  000.000  0000000
0001.98  000.000  0000000  000.000  0000000  000.504  0000001
0003.00  000.000  0000000  000.000  0000000  000.333  0000000
0004.00  000.000  0000000  000.000  0000000  000.500  0000001
0005.00  000.000  0000000  000.000  0000000  000.400  0000000
0005.98  000.000  0000000  000.000  0000000  000.501  0000001
0006.98  000.000  0000000  000.000  0000000  000.573  0000001
0008.00  000.000  0000000  000.000  0000000  000.750  0000002
0009.00  000.000  0000000  000.000  0000000  000.889  0000002
0010.00  000.000  0000000  000.000  0000000  000.800  0000000
0011.00  000.000  0000000  000.091  0000001  000.909  0000002
0012.00  000.000  0000000  000.083  0000000  000.917  0000001
0013.00  000.000  0000000  000.077  0000000  000.923  0000001
0014.00  000.000  0000000  000.071  0000000  001.000  0000002
0015.00  000.000  0000000  000.067  0000000  001.000  0000001
0016.02  000.000  0000000  000.062  0000000  000.999  0000001
0017.02  000.000  0000000  000.059  0000000  001.058  0000002
0018.00  000.000  0000000  000.056  0000000  001.000  0000000
0019.00  000.000  0000000  000.053  0000000  000.947  0000000
0020.00  000.000  0000000  000.050  0000000  001.050  0000003
0021.00  000.000  0000000  000.048  0000000  001.000  0000000
0022.02  000.000  0000000  000.045  0000000  001.045  0000002
0023.02  000.000  0000000  000.043  0000000  001.043  0000001
0024.02  000.000  0000000  000.042  0000000  001.041  0000001
0025.02  000.000  0000000  000.040  0000000  001.079  0000002
0026.00  000.000  0000000  000.038  0000000  001.077  0000001
0027.02  000.000  0000000  000.037  0000000  001.036  0000000
0028.02  000.000  0000000  000.036  0000000  001.035  0000001
0029.02  000.000  0000000  000.034  0000000  000.999  0000000
0030.02  000.000  0000000  000.033  0000000  001.033  0000002
0031.03  000.000  0000000  000.032  0000000  001.031  0000001
0032.02  000.000  0000000  000.031  0000000  000.999  0000000
0033.02  000.000  0000000  000.030  0000000  001.030  0000002
0034.02  000.000  0000000  000.029  0000000  001.029  0000001
0035.03  000.000  0000000  000.029  0000000  000.999  0000000
0036.03  000.000  0000000  000.028  0000000  001.055  0000003
0037.03  000.000  0000000  000.027  0000000  001.026  0000000
0038.02  000.000  0000000  000.026  0000000  001.052  0000002
0039.02  000.000  0000000  000.026  0000000  001.025  0000000
0040.03  000.000  0000000  000.025  0000000  000.999  0000000
Group 2 Stopped 6/14/2021  22:43:12
 
Count Summary
C:RaDeCC\DataRaDeCC.sum
Runtime  CPM219   Cnt219  CPM220   Cnt220  CPMTot   CntTot
0040.22  000.000  000000  000.025  000001  000.995  000040
System Number 2
(219:Delay= 0.01 Window= 5.6)(220:Delay= 5.61 Window= 600)
Eff Last Updated  15Jan13  219= Uset  220= Uset  Tot= Uset

