C:\RaDeCC\Data\AL557_062021\140621_green_St7_2_blank.txt
Start Time 6/14/2021  09:12:08
Runtime  CPM219   Cnt219   CPM220   Cnt220   CPMTot   CntTot
0001.00  000.000  0000000  000.000  0000000  001.000  0000001
0002.00  000.000  0000000  000.000  0000000  000.500  0000000
0003.00  000.000  0000000  000.000  0000000  000.667  0000001
0004.00  000.000  0000000  000.000  0000000  000.500  0000000
0005.00  000.000  0000000  000.000  0000000  000.600  0000001
0006.02  000.000  0000000  000.000  0000000  000.831  0000002
0007.00  000.000  0000000  000.000  0000000  000.714  0000000
0008.00  000.000  0000000  000.000  0000000  001.000  0000003
0009.00  000.000  0000000  000.000  0000000  001.000  0000001
0010.02  000.000  0000000  000.000  0000000  000.899  0000000
0011.02  000.000  0000000  000.000  0000000  000.908  0000001
0012.02  000.000  0000000  000.000  0000000  000.915  0000001
0013.00  000.000  0000000  000.000  0000000  000.923  0000001
0014.00  000.000  0000000  000.000  0000000  001.000  0000002
0015.02  000.000  0000000  000.000  0000000  000.999  0000001
Group 4 Stopped 6/14/2021  09:27:55
 
Count Summary
C:RaDeCC\DataRaDeCC.sum
Runtime  CPM219   Cnt219  CPM220   Cnt220  CPMTot   CntTot
0015.78  000.000  000000  000.000  000000  000.950  000015
System Number 4
(219:Delay= 0.01 Window= 5.6)(220:Delay= 5.61 Window= 600)
Eff Last Updated  15Jan13  219= Uset  220= Uset  Tot= Uset

