C:\RaDeCC\Data\AL557_062021\140621_blue_St8_2_blank.txt
Start Time 6/14/2021  09:12:45
Runtime  CPM219   Cnt219   CPM220   Cnt220   CPMTot   CntTot
0000.98  000.000  0000000  000.000  0000000  002.034  0000002
0001.98  000.000  0000000  000.000  0000000  001.513  0000001
0002.98  000.000  0000000  000.000  0000000  001.006  0000000
0004.00  000.000  0000000  000.000  0000000  001.000  0000001
0004.98  000.000  0000000  000.000  0000000  001.003  0000001
0005.98  000.000  0000000  000.000  0000000  000.836  0000000
0007.00  000.000  0000000  000.000  0000000  001.143  0000003
0008.00  000.000  0000000  000.000  0000000  001.000  0000000
0009.00  000.000  0000000  000.000  0000000  000.889  0000000
0009.98  000.000  0000000  000.000  0000000  000.801  0000000
0011.00  000.000  0000000  000.000  0000000  000.818  0000001
0012.00  000.000  0000000  000.000  0000000  000.833  0000001
0013.00  000.000  0000000  000.000  0000000  000.846  0000001
0014.00  000.000  0000000  000.000  0000000  000.929  0000002
0015.00  000.000  0000000  000.000  0000000  001.000  0000002
Group 3 Stopped 6/14/2021  09:27:59
 
Count Summary
C:RaDeCC\DataRaDeCC.sum
Runtime  CPM219   Cnt219  CPM220   Cnt220  CPMTot   CntTot
0015.23  000.000  000000  000.000  000000  001.050  000016
System Number 3
(219:Delay= 0.01 Window= 5.6)(220:Delay= 5.61 Window= 600)
Eff Last Updated  15Jan13  219= Uset  220= Uset  Tot= Uset

