C:\RaDeCC\Data\AL557_062021\140621_orange_St6_2_blank.txt
Start Time 6/14/2021  09:04:12
Runtime  CPM219   Cnt219   CPM220   Cnt220   CPMTot   CntTot
0001.00  000.000  0000000  000.000  0000000  001.000  0000001
0001.98  000.000  0000000  000.000  0000000  001.008  0000001
0003.00  000.000  0000000  000.000  0000000  001.000  0000001
0004.00  000.000  0000000  000.000  0000000  000.750  0000000
0005.00  000.000  0000000  000.000  0000000  000.600  0000000
0006.00  000.000  0000000  000.000  0000000  000.667  0000001
0007.02  000.000  0000000  000.000  0000000  000.713  0000001
0008.02  000.000  0000000  000.000  0000000  000.624  0000000
0009.00  000.000  0000000  000.000  0000000  000.556  0000000
0010.02  000.000  0000000  000.000  0000000  000.499  0000000
0011.02  000.000  0000000  000.000  0000000  000.454  0000000
0012.00  000.000  0000000  000.000  0000000  000.417  0000000
0013.00  000.000  0000000  000.000  0000000  000.462  0000001
0014.02  000.000  0000000  000.000  0000000  000.571  0000002
0015.00  000.000  0000000  000.000  0000000  000.533  0000000
Group 2 Stopped 6/14/2021  09:19:35
 
Count Summary
C:RaDeCC\DataRaDeCC.sum
Runtime  CPM219   Cnt219  CPM220   Cnt220  CPMTot   CntTot
0015.38  000.000  000000  000.000  000000  000.520  000008
System Number 2
(219:Delay= 0.01 Window= 5.6)(220:Delay= 5.61 Window= 600)
Eff Last Updated  15Jan13  219= Uset  220= Uset  Tot= Uset

