C:\RaDeCC\Data\AL557_062021\050621_1orange_blank4.txt
Start Time 6/5/2021  21:56:07
Runtime  CPM219   Cnt219   CPM220   Cnt220   CPMTot   CntTot
0000.98  000.000  0000000  000.000  0000000  001.017  0000001
0002.00  000.000  0000000  000.000  0000000  001.000  0000001
0003.00  000.000  0000000  000.000  0000000  000.667  0000000
0004.00  000.000  0000000  000.000  0000000  001.000  0000002
0005.00  000.000  0000000  000.000  0000000  001.200  0000002
0006.00  000.000  0000000  000.000  0000000  001.500  0000003
0007.00  000.000  0000000  000.000  0000000  001.571  0000002
0008.00  000.000  0000000  000.000  0000000  001.625  0000002
0009.00  000.000  0000000  000.000  0000000  001.667  0000002
0010.00  000.000  0000000  000.000  0000000  001.700  0000002
0011.02  000.000  0000000  000.000  0000000  001.725  0000002
0012.00  000.000  0000000  000.000  0000000  001.583  0000000
0013.00  000.000  0000000  000.000  0000000  001.538  0000001
0014.00  000.000  0000000  000.000  0000000  001.500  0000001
0015.02  000.000  0000000  000.000  0000000  001.465  0000001
0016.02  000.000  0000000  000.000  0000000  001.436  0000001
0017.02  000.000  0000000  000.059  0000001  001.469  0000002
0018.02  000.000  0000000  000.056  0000000  001.388  0000000
0019.02  000.000  0000000  000.053  0000000  001.315  0000000
0020.00  000.000  0000000  000.050  0000000  001.400  0000003
0021.02  000.000  0000000  000.048  0000000  001.427  0000002
Group 2 Stopped 6/5/2021  22:17:44
 
Count Summary
C:RaDeCC\DataRaDeCC.sum
Runtime  CPM219   Cnt219  CPM220   Cnt220  CPMTot   CntTot
0021.62  000.000  000000  000.046  000001  001.480  000032
System Number 2
(219:Delay= 0.01 Window= 5.6)(220:Delay= 5.61 Window= 600)
Eff Last Updated  15Jan13  219= Uset  220= Uset  Tot= Uset

