"""""""""""""""C:\RaDeCC\Data\AL557_062021\050621_1grey_St3.txt
Start Time 6/5/2021  09:52:46
Runtime  CPM219   Cnt219   CPM220   Cnt220   CPMTot   CntTot
0001.00  000.000  0000000  006.000  0000006  021.000  0000021
0002.00  000.000  0000000  004.000  0000002  014.000  0000007
0003.00  000.000  0000000  002.667  0000000  010.667  0000004
0004.00  000.250  0000001  002.250  0000001  010.750  0000011
0005.00  000.600  0000002  003.400  0000008  012.600  0000020
0006.00  000.500  0000000  003.333  0000003  012.167  0000010
0007.00  000.429  0000000  002.857  0000000  011.571  0000008
0008.00  000.375  0000000  002.750  0000002  011.000  0000007
0009.02  000.333  0000000  002.662  0000002  010.314  0000005
0010.02  000.399  0000001  002.696  0000003  010.383  0000011
0011.00  000.364  0000000  002.545  0000001  009.818  0000004
0012.00  000.417  0000001  002.417  0000001  009.667  0000008
0013.00  000.385  0000000  002.385  0000002  009.231  0000004
0014.02  000.357  0000000  002.212  0000000  008.989  0000006
0015.02  000.333  0000000  002.198  0000002  008.923  0000008
0016.00  000.313  0000000  002.188  0000002  008.938  0000009
0017.02  000.294  0000000  002.116  0000001  008.697  0000005
0018.02  000.278  0000000  002.220  0000004  008.714  0000009
0019.02  000.263  0000000  002.577  0000009  009.150  0000017
0020.02  000.250  0000000  002.998  0000011  009.842  0000023
0021.02  000.238  0000000  002.998  0000003  009.992  0000013
0022.02  000.227  0000000  002.952  0000002  009.856  0000007
0023.02  000.261  0000001  002.867  0000001  009.732  0000007
0024.02  000.250  0000000  002.956  0000005  009.910  0000014
0025.02  000.240  0000000  002.998  0000004  010.073  0000014
0026.02  000.231  0000000  002.921  0000001  009.840  0000004
0027.03  000.259  0000001  002.922  0000003  009.914  0000012
0028.03  000.250  0000000  002.961  0000004  009.952  0000011
0029.02  000.276  0000001  002.964  0000003  010.063  0000013
0030.02  000.267  0000000  003.032  0000005  010.261  0000016
0031.02  000.258  0000000  003.063  0000004  010.317  0000012
0032.03  000.281  0000001  002.997  0000001  010.271  0000009
0033.03  000.333  0000002  003.058  0000005  010.323  0000012
0034.03  000.323  0000000  002.997  0000001  010.167  0000005
0035.02  000.314  0000000  003.056  0000005  010.424  0000019
0036.03  000.305  0000000  003.025  0000002  010.352  0000008
0037.03  000.324  0000001  003.051  0000004  010.450  0000014
0038.03  000.316  0000000  002.997  0000001  010.254  0000003
0039.03  000.307  0000000  003.023  0000004  010.273  0000011
0040.03  000.300  0000000  003.022  0000003  010.266  0000010
0041.03  000.317  0000001  003.046  0000004  010.333  0000013
0042.05  000.309  0000000  003.092  0000005  010.392  0000013
0043.05  000.325  0000001  003.066  0000002  010.383  0000010
0044.03  000.318  0000000  002.998  0000000  010.265  0000005
0045.03  000.311  0000000  003.042  0000005  010.348  0000014
0046.03  000.304  0000000  003.041  0000003  010.384  0000012
0047.05  000.319  0000001  003.039  0000003  010.414  0000012
0048.05  000.312  0000000  002.997  0000001  010.343  0000007
0049.03  000.306  0000000  002.957  0000001  010.258  0000006
0050.03  000.320  0000001  002.978  0000004  010.313  0000013
0051.05  000.313  0000000  002.938  0000001  010.245  0000007
0052.05  000.307  0000000  002.901  0000001  010.183  0000007
0053.05  000.320  0000001  003.016  0000009  010.405  0000022
0054.05  000.315  0000000  003.034  0000004  010.472  0000014
0055.05  000.327  0000001  003.034  0000003  010.500  0000012
0056.05  000.321  0000000  002.997  0000001  010.455  0000008
0057.05  000.316  0000000  002.962  0000001  010.412  0000008
0058.07  000.310  0000000  002.979  0000004  010.454  0000013
0059.05  000.305  0000000  002.930  0000000  010.364  0000005
0060.05  000.316  0000001  002.981  0000006  010.491  0000018
0061.05  000.328  0000001  002.981  0000003  010.516  0000012
0062.05  000.322  0000000  002.965  0000002  010.492  0000009
0063.07  000.317  0000000  002.997  0000005  010.529  0000013
0064.07  000.328  0000001  002.981  0000002  010.489  0000008
0065.07  000.338  0000001  002.997  0000004  010.558  0000015
0066.07  000.333  0000000  003.073  0000008  010.701  0000020
""""""""
0068.07  000.338  0000000  003.041  0000002  010.593  0000005
0069.07  000.333  0000000  003.041  0000003  010.627  0000013
0070.07  000.328  0000000  003.026  0000002  010.576  0000007
0071.07  000.324  0000000  003.025  0000003  010.553  0000009
0072.07  000.319  0000000  002.997  0000001  010.518  0000008
0073.07  000.328  0000001  003.025  0000005  010.593  0000016
0074.08  000.324  0000000  003.037  0000004  010.596  0000011
0075.07  000.320  0000000  003.024  0000002  010.551  0000007
0076.07  000.316  0000000  003.011  0000002  010.557  0000011
0077.08  000.311  0000000  003.010  0000003  010.508  0000007
0078.08  000.307  0000000  003.022  0000004  010.540  0000013
0079.07  000.316  0000001  003.035  0000004  010.586  0000014
0080.08  000.312  0000000  003.059  0000005  010.601  0000012
0081.08  000.308  0000000  003.034  0000001  010.508  0000003
0082.08  000.305  0000000  003.034  0000003  010.514  0000011
0083.07  000.301  0000000  003.046  0000004  010.594  0000017
0084.08  000.309  0000001  003.045  0000003  010.632  0000014
0085.08  000.306  0000000  003.091  0000007  010.731  0000019
0086.08  000.302  0000000  003.125  0000006  010.757  0000013
0087.08  000.299  0000000  003.146  0000005  010.783  0000013
0088.08  000.295  0000000  003.133  0000002  010.797  0000012
0089.08  000.292  0000000  003.143  0000004  010.810  0000012
0090.08  000.289  0000000  003.197  0000008  010.912  0000020
0091.08  000.285  0000000  003.173  0000001  010.869  0000007
0092.08  000.282  0000000  003.149  0000001  010.838  0000008
0093.10  000.279  0000000  003.147  0000003  010.827  0000010
0094.08  000.287  0000001  003.189  0000007  010.905  0000018
0095.08  000.284  0000000  003.208  0000005  010.906  0000011
0096.08  000.281  0000000  003.185  0000001  010.876  0000008
0097.10  000.278  0000000  003.172  0000002  010.875  0000011
0098.10  000.285  0000001  003.160  0000002  010.866  0000010
0099.10  000.283  0000000  003.138  0000001  010.817  0000006
0100.10  000.280  0000000  003.147  0000004  010.819  0000011
0101.10  000.287  0000001  003.155  0000004  010.851  0000014
0102.08  000.284  0000000  003.144  0000002  010.834  0000009
0103.10  000.281  0000000  003.152  0000004  010.854  0000013
0104.10  000.279  0000000  003.151  0000003  010.826  0000008
0105.10  000.285  0000001  003.178  0000006  010.875  0000016
0106.10  000.302  0000002  003.205  0000006  010.943  0000018
0107.12  000.299  0000000  003.211  0000004  010.969  0000014
0108.10  000.305  0000001  003.219  0000004  010.999  0000014
0109.10  000.302  0000000  003.226  0000004  011.017  0000013
0110.10  000.318  0000002  003.233  0000004  011.063  0000016
0111.10  000.324  0000001  003.267  0000007  011.098  0000015
0112.12  000.330  0000001  003.282  0000005  011.149  0000017
0113.12  000.327  0000000  003.271  0000002  011.130  0000009
0114.10  000.324  0000000  003.287  0000005  011.192  0000018
0115.10  000.321  0000000  003.258  0000000  011.129  0000004
0116.12  000.319  0000000  003.238  0000001  011.066  0000004
0117.12  000.316  0000000  003.270  0000007  011.126  0000018
0118.12  000.322  0000001  003.268  0000003  011.158  0000015
0119.12  000.319  0000000  003.291  0000006  011.216  0000018
0120.12  000.333  0000002  003.263  0000000  011.181  0000007
0121.12  000.330  0000000  003.261  0000003  011.196  0000013
0122.12  000.328  0000000  003.259  0000003  011.178  0000009
0123.12  000.325  0000000  003.281  0000006  011.193  0000013
0124.12  000.322  0000000  003.295  0000005  011.231  0000016
0125.12  000.320  0000000  003.277  0000001  011.198  0000007
0126.13  000.317  0000000  003.266  0000002  011.195  0000011
0127.13  000.315  0000000  003.256  0000002  011.169  0000008
0128.12  000.312  0000000  003.270  0000005  011.185  0000013
0129.12  000.310  0000000  003.284  0000005  011.207  0000014
0130.12  000.307  0000000  003.266  0000001  011.159  0000005
0131.13  000.305  0000000  003.279  0000005  011.202  0000017
0132.13  000.303  0000000  003.269  0000002  011.201  0000011
0133.15  000.300  0000000  003.267  0000003  011.205  0000012
0134.15  000.298  0000000  003.302  0000008  011.249  0000017
0135.13  000.303  0000001  003.293  0000002  011.241  0000010
0136.13  000.301  0000000  003.298  0000004  011.254  0000013
0137.13  000.299  0000000  003.281  0000001  011.215  0000006
0138.15  000.297  0000000  003.272  0000002  011.198  0000009
0139.15  000.295  0000000  003.277  0000004  011.204  0000012
0140.15  000.293  0000000  003.282  0000004  011.224  0000014
0141.13  000.291  0000000  003.288  0000004  011.245  0000014
0142.15  000.302  0000002  003.285  0000003  011.263  0000014
""""
""
0144.15  000.305  0000000  003.260  0000000  011.280  0000011
"
Group 1 Stopped 6/5/2021  12:17:29
 
Count Summary
C:\ProgramData\RaDeCC\RaDeCC.sum
Runtime  CPM219   Cnt219  CPM220   Cnt220  CPMTot   CntTot
0144.72  000.304  000044  003.262  000472  011.284  001633
System Number 1
(219:Delay= 0.01 Window= 5.6)(220:Delay= 5.61 Window= 600)
Eff Last Updated  15Jan13  219= Uset  220= Uset  Tot= Uset

