C:\RaDeCC\Data\AL557_062021\050621_blue_st8.txt
Start Time 6/5/2021  20:48:28
Runtime  CPM219   Cnt219   CPM220   Cnt220   CPMTot   CntTot
0001.00  000.000  0000000  002.000  0000002  010.000  0000010
0002.00  000.000  0000000  003.000  0000004  010.500  0000011
0003.00  000.333  0000001  003.667  0000005  011.000  0000012
0004.00  000.250  0000000  003.250  0000002  009.750  0000006
0004.98  000.401  0000001  003.211  0000003  009.833  0000010
0006.00  000.333  0000000  004.167  0000009  011.000  0000017
0007.00  000.286  0000000  004.143  0000004  010.714  0000009
0008.00  000.250  0000000  004.000  0000003  010.125  0000006
0008.98  000.223  0000000  003.562  0000000  009.017  0000000
0010.00  000.200  0000000  003.300  0000001  008.400  0000003
0011.00  000.182  0000000  003.364  0000004  008.545  0000010
0012.00  000.250  0000001  003.417  0000004  008.750  0000011
0013.02  000.230  0000000  003.303  0000002  008.604  0000007
0014.00  000.214  0000000  003.286  0000003  008.500  0000007
0015.00  000.267  0000001  003.067  0000000  008.400  0000007
0016.00  000.250  0000000  003.125  0000004  008.438  0000009
0017.02  000.235  0000000  003.056  0000002  008.345  0000007
0018.02  000.278  0000001  003.053  0000003  008.381  0000009
0019.02  000.263  0000000  002.945  0000001  008.151  0000004
0020.00  000.250  0000000  002.900  0000002  008.250  0000010
0021.00  000.238  0000000  002.952  0000004  008.286  0000009
0022.02  000.227  0000000  002.907  0000002  008.312  0000009
0023.00  000.217  0000000  002.957  0000004  008.391  0000010
0024.02  000.250  0000001  002.915  0000002  008.369  0000008
0025.02  000.240  0000000  002.878  0000002  008.195  0000004
0026.02  000.269  0000001  002.844  0000002  008.225  0000009
0027.02  000.259  0000000  002.924  0000005  008.328  0000011
0028.03  000.250  0000000  002.925  0000003  008.347  0000009
0029.02  000.241  0000000  002.895  0000002  008.374  0000009
0030.02  000.233  0000000  002.965  0000005  008.529  0000013
0031.02  000.226  0000000  002.902  0000001  008.383  0000004
0032.02  000.219  0000000  002.874  0000002  008.339  0000007
0033.03  000.212  0000000  002.906  0000004  008.355  0000009
0034.03  000.235  0000001  002.938  0000004  008.433  0000011
0035.02  000.257  0000001  002.913  0000002  008.425  0000008
0036.02  000.278  0000001  002.832  0000000  008.413  0000008
0037.03  000.270  0000000  002.862  0000004  008.425  0000009
0038.03  000.263  0000000  002.866  0000003  008.440  0000009
0039.03  000.256  0000000  002.869  0000003  008.403  0000007
0040.03  000.250  0000000  002.798  0000000  008.218  0000001
0041.03  000.244  0000000  002.851  0000005  008.262  0000010
0042.03  000.238  0000000  002.879  0000004  008.279  0000009
0043.03  000.256  0000001  002.858  0000002  008.249  0000007
0044.03  000.250  0000000  002.861  0000003  008.244  0000008
0045.03  000.244  0000000  002.820  0000001  008.150  0000004
0046.03  000.239  0000000  002.824  0000003  008.125  0000007
0047.03  000.255  0000001  002.828  0000003  008.207  0000012
0048.03  000.250  0000000  002.852  0000004  008.182  0000007
0049.03  000.265  0000001  002.876  0000004  008.239  0000011
0050.05  000.260  0000000  002.897  0000004  008.252  0000009
0051.05  000.255  0000000  002.840  0000000  008.129  0000002
0052.03  000.269  0000001  002.806  0000001  008.091  0000006
0053.03  000.283  0000001  002.791  0000002  008.127  0000010
0054.05  000.278  0000000  002.775  0000002  008.122  0000008
0055.05  000.272  0000000  002.725  0000000  008.065  0000005
0056.05  000.268  0000000  002.712  0000002  008.046  0000007
0057.05  000.263  0000000  002.699  0000002  008.063  0000009
0058.03  000.276  0000001  002.740  0000005  008.116  0000011
0059.05  000.305  0000002  002.743  0000003  008.180  0000012
0060.05  000.300  0000000  002.764  0000004  008.210  0000010
0061.05  000.295  0000000  002.752  0000002  008.206  0000008
0062.05  000.290  0000000  002.740  0000002  008.171  0000006
0063.07  000.285  0000000  002.711  0000001  008.103  0000004
0064.05  000.281  0000000  002.685  0000001  008.119  0000009
0065.05  000.277  0000000  002.690  0000003  008.148  0000010
0066.05  000.273  0000000  002.680  0000002  008.176  0000010
0067.07  000.268  0000000  002.654  0000001  008.096  0000003
0068.07  000.264  0000000  002.644  0000002  008.051  0000005
0069.07  000.275  0000001  002.621  0000001  008.021  0000006
0070.05  000.271  0000000  002.627  0000003  008.023  0000008
0071.05  000.267  0000000  002.618  0000002  007.994  0000006
0072.07  000.264  0000000  002.609  0000002  007.979  0000007
0073.07  000.260  0000000  002.628  0000004  007.993  0000009
0074.07  000.270  0000001  002.700  0000008  008.155  0000020
0075.07  000.266  0000000  002.664  0000000  008.126  0000006
0076.05  000.263  0000000  002.656  0000002  008.113  0000007
0077.07  000.272  0000001  002.647  0000002  008.097  0000007
0078.07  000.269  0000000  002.626  0000001  008.057  0000005
0079.07  000.266  0000000  002.618  0000002  008.019  0000005
0080.07  000.262  0000000  002.585  0000000  007.956  0000003
0081.08  000.259  0000000  002.602  0000004  007.992  0000011
0082.07  000.256  0000000  002.681  0000009  008.128  0000019
0083.07  000.253  0000000  002.673  0000002  008.198  0000014
0084.07  000.250  0000000  002.676  0000003  008.184  0000007
0085.07  000.259  0000001  002.657  0000001  008.158  0000006
0086.07  000.256  0000000  002.696  0000006  008.215  0000013
0087.08  000.253  0000000  002.664  0000000  008.130  0000001
0088.08  000.261  0000001  002.645  0000001  008.095  0000005
0089.08  000.269  0000001  002.638  0000002  008.082  0000007
0090.08  000.266  0000000  002.642  0000003  008.093  0000009
0091.08  000.263  0000000  002.624  0000001  008.037  0000003
0092.08  000.261  0000000  002.628  0000003  008.069  0000011
0093.08  000.258  0000000  002.632  0000003  008.079  0000009
0094.08  000.255  0000000  002.604  0000000  008.025  0000003
0095.08  000.252  0000000  002.598  0000002  008.014  0000007
0096.08  000.250  0000000  002.592  0000002  008.003  0000007
0097.08  000.247  0000000  002.585  0000002  008.014  0000009
0098.10  000.245  0000000  002.579  0000002  007.971  0000004
0099.10  000.242  0000000  002.583  0000003  007.972  0000008
0100.08  000.240  0000000  002.588  0000003  007.963  0000007
0101.08  000.257  0000002  002.592  0000003  008.013  0000013
0102.10  000.255  0000000  002.595  0000003  008.002  0000007
0103.10  000.252  0000000  002.619  0000005  008.031  0000011
0104.10  000.259  0000001  002.622  0000003  008.060  0000011
0105.10  000.257  0000000  002.617  0000002  008.021  0000004
0106.08  000.255  0000000  002.639  0000005  008.060  0000012
0107.10  000.252  0000000  002.633  0000002  008.030  0000005
0108.10  000.250  0000000  002.618  0000001  008.002  0000005
0109.10  000.247  0000000  002.594  0000000  007.947  0000002
0110.12  000.245  0000000  002.579  0000001  007.919  0000005
0111.10  000.243  0000000  002.583  0000003  007.939  0000010
0112.10  000.241  0000000  002.587  0000003  007.948  0000009
0113.10  000.239  0000000  002.591  0000003  007.993  0000013
0114.12  000.254  0000002  002.585  0000002  007.983  0000007
0115.12  000.252  0000000  002.589  0000003  008.001  0000010
0116.10  000.250  0000000  002.584  0000002  007.976  0000005
0117.12  000.256  0000001  002.570  0000001  007.975  0000008
0118.12  000.254  0000000  002.574  0000003  007.975  0000008
0119.10  000.260  0000001  002.569  0000002  007.985  0000009
0120.10  000.258  0000000  002.548  0000000  007.943  0000003
0121.12  000.264  0000001  002.551  0000003  007.959  0000010
0122.12  000.262  0000000  002.563  0000004  007.992  0000012
0123.12  000.260  0000000  002.559  0000002  008.001  0000009
0124.12  000.258  0000000  002.546  0000001  007.968  0000004
0125.12  000.256  0000000  002.542  0000002  007.945  0000005
0126.12  000.254  0000000  002.529  0000001  007.929  0000006
0127.12  000.252  0000000  002.525  0000002  007.945  0000010
0128.12  000.250  0000000  002.521  0000002  007.961  0000010
0129.12  000.248  0000000  002.525  0000003  007.962  0000008
0130.13  000.254  0000001  002.528  0000003  007.984  0000011
0131.12  000.252  0000000  002.563  0000007  008.023  0000013
0132.12  000.250  0000000  002.551  0000001  008.008  0000006
0133.12  000.255  0000001  002.547  0000002  008.016  0000009
0134.13  000.253  0000000  002.527  0000000  007.985  0000004
0135.13  000.259  0000001  002.509  0000000  007.985  0000008
0136.13  000.257  0000000  002.512  0000003  007.985  0000008
0137.12  000.255  0000000  002.509  0000002  007.993  0000009
0138.13  000.253  0000000  002.490  0000000  007.949  0000002
0139.13  000.252  0000000  002.487  0000002  007.920  0000004
0140.13  000.250  0000000  002.476  0000001  007.907  0000006
0141.13  000.248  0000000  002.466  0000001  007.879  0000004
0142.13  000.246  0000000  002.462  0000002  007.901  0000011
0143.13  000.245  0000000  002.459  0000002  007.902  0000008
0144.13  000.243  0000000  002.456  0000002  007.889  0000006
0145.13  000.241  0000000  002.446  0000001  007.876  0000006
0146.13  000.240  0000000  002.436  0000001  007.863  0000006
0147.15  000.245  0000001  002.453  0000005  007.897  0000013
0148.15  000.243  0000000  002.437  0000000  007.857  0000002
0149.13  000.241  0000000  002.441  0000003  007.879  0000011
0150.13  000.240  0000000  002.438  0000002  007.893  0000010
0151.15  000.245  0000001  002.428  0000001  007.886  0000007
0152.15  000.250  0000001  002.432  0000003  007.900  0000010
0153.15  000.248  0000000  002.422  0000001  007.875  0000004
0154.13  000.247  0000000  002.433  0000004  007.902  0000012
0155.13  000.245  0000000  002.424  0000001  007.877  0000004
0156.15  000.243  0000000  002.414  0000001  007.851  0000004
0157.15  000.248  0000001  002.412  0000002  007.852  0000008
0158.15  000.247  0000000  002.396  0000000  007.809  0000001
0159.15  000.245  0000000  002.394  0000002  007.804  0000007
0160.15  000.244  0000000  002.398  0000003  007.811  0000009
0161.15  000.242  0000000  002.395  0000002  007.825  0000010
0162.15  000.247  0000001  002.387  0000001  007.808  0000005
0163.15  000.245  0000000  002.378  0000001  007.809  0000008
0164.17  000.250  0000001  002.363  0000000  007.797  0000006
0165.17  000.248  0000000  002.355  0000001  007.774  0000004
0166.17  000.253  0000001  002.359  0000003  007.787  0000010
0167.17  000.257  0000001  002.363  0000003  007.831  0000015
0168.17  000.256  0000000  002.349  0000000  007.808  0000004
0169.15  000.260  0000001  002.335  0000000  007.798  0000006
0170.15  000.259  0000000  002.339  0000003  007.817  0000011
0171.17  000.263  0000001  002.325  0000000  007.799  0000005
0172.17  000.261  0000000  002.323  0000002  007.783  0000005
0173.17  000.266  0000001  002.327  0000003  007.790  0000009
0174.17  000.264  0000000  002.325  0000002  007.780  0000006
0175.17  000.263  0000000  002.318  0000001  007.787  0000009
0176.17  000.267  0000001  002.316  0000002  007.782  0000007
0177.17  000.265  0000000  002.303  0000000  007.755  0000003
0178.17  000.264  0000000  002.296  0000001  007.746  0000006
0179.17  000.262  0000000  002.300  0000003  007.764  0000011
0180.18  000.261  0000000  002.292  0000001  007.759  0000007
Group 3 Stopped 6/5/2021  23:49:23
 
Count Summary
C:RaDeCC\DataRaDeCC.sum
Runtime  CPM219   Cnt219  CPM220   Cnt220  CPMTot   CntTot
0180.92  000.265  000048  002.288  000414  007.760  001404
System Number 3
(219:Delay= 0.01 Window= 5.6)(220:Delay= 5.61 Window= 600)
Eff Last Updated  15Jan13  219= Uset  220= Uset  Tot= Uset

