"""C:\RaDeCC\Data\AL557_062021\050621_1grey_blank1.txt
Start Time 6/5/2021  08:51:42
Runtime  CPM219   Cnt219   CPM220   Cnt220   CPMTot   CntTot
0000.98  000.000  0000000  000.000  0000000  000.000  0000000
0001.98  000.000  0000000  000.000  0000000  000.000  0000000
""
0004.00  000.000  0000000  000.250  0000000  000.500  0000000
0005.00  000.000  0000000  000.200  0000000  000.600  0000001
0005.98  000.000  0000000  000.167  0000000  000.669  0000001
0006.98  000.000  0000000  000.143  0000000  000.573  0000000
0007.98  000.000  0000000  000.125  0000000  000.501  0000000
0009.00  000.000  0000000  000.111  0000000  000.556  0000001
0010.00  000.000  0000000  000.100  0000000  000.500  0000000
0011.00  000.000  0000000  000.091  0000000  000.545  0000001
0011.98  000.000  0000000  000.083  0000000  000.501  0000000
0013.00  000.000  0000000  000.077  0000000  000.462  0000000
0014.00  000.000  0000000  000.071  0000000  000.429  0000000
0015.00  000.000  0000000  000.067  0000000  000.400  0000000
0016.00  000.000  0000000  000.063  0000000  000.375  0000000
0017.02  000.000  0000000  000.059  0000000  000.353  0000000
0018.00  000.000  0000000  000.056  0000000  000.333  0000000
0019.00  000.000  0000000  000.053  0000000  000.368  0000001
0020.00  000.000  0000000  000.050  0000000  000.350  0000000
0021.02  000.000  0000000  000.048  0000000  000.333  0000000
0022.02  000.000  0000000  000.045  0000000  000.318  0000000
0023.00  000.000  0000000  000.043  0000000  000.304  0000000
0024.00  000.000  0000000  000.042  0000000  000.292  0000000
0025.02  000.000  0000000  000.040  0000000  000.280  0000000
0026.02  000.000  0000000  000.038  0000000  000.307  0000001
0027.02  000.000  0000000  000.037  0000000  000.333  0000001
0028.02  000.000  0000000  000.036  0000000  000.464  0000004
0029.00  000.000  0000000  000.034  0000000  000.448  0000000
0030.02  000.000  0000000  000.033  0000000  000.433  0000000
0031.02  000.000  0000000  000.032  0000000  000.419  0000000
0032.02  000.000  0000000  000.031  0000000  000.437  0000001
0033.02  000.000  0000000  000.030  0000000  000.424  0000000
0034.02  000.000  0000000  000.029  0000000  000.441  0000001
"
Group 1 Stopped 6/5/2021  09:26:53
 
Count Summary
C:\ProgramData\RaDeCC\RaDeCC.sum
Runtime  CPM219   Cnt219  CPM220   Cnt220  CPMTot   CntTot
0035.18  000.000  000000  000.028  000001  000.426  000015
System Number 1
(219:Delay= 0.01 Window= 5.6)(220:Delay= 5.61 Window= 600)
Eff Last Updated  15Jan13  219= Uset  220= Uset  Tot= Uset

