"""""""C:\RaDeCC\Data\AL557_062021\050621_2blue_St2.txt
Start Time 6/5/2021  09:43:58
Runtime  CPM219   Cnt219   CPM220   Cnt220   CPMTot   CntTot
0001.00  001.000  0000001  009.000  0000009  018.000  0000018
0002.00  000.500  0000000  009.000  0000009  018.500  0000019
0003.00  000.667  0000001  008.000  0000006  017.667  0000016
0004.00  000.500  0000000  007.000  0000004  015.500  0000009
0005.00  000.400  0000000  007.800  0000011  017.200  0000024
0006.00  000.333  0000000  007.000  0000003  015.667  0000008
0007.00  000.286  0000000  007.000  0000007  015.571  0000015
0008.00  000.250  0000000  006.750  0000005  015.250  0000013
0009.00  000.222  0000000  007.333  0000012  016.333  0000025
0010.00  000.200  0000000  007.100  0000005  016.100  0000014
0011.00  000.182  0000000  006.909  0000005  015.727  0000012
0012.02  000.333  0000002  007.074  0000009  016.311  0000023
0013.02  000.307  0000000  006.914  0000005  015.826  0000010
0014.02  000.357  0000001  007.206  0000011  016.195  0000021
0015.00  000.333  0000000  007.133  0000006  015.933  0000012
0016.02  000.312  0000000  007.305  0000010  016.358  0000023
0017.02  000.353  0000001  007.405  0000009  016.513  0000019
0018.02  000.389  0000001  007.271  0000005  016.263  0000012
0019.02  000.421  0000001  007.099  0000004  015.986  0000011
0020.02  000.400  0000000  007.144  0000008  015.987  0000016
0021.02  000.428  0000001  007.137  0000007  015.987  0000016
0022.02  000.409  0000000  006.995  0000004  015.670  0000009
0023.02  000.478  0000002  006.778  0000002  015.467  0000011
0024.02  000.458  0000000  006.662  0000004  015.198  0000009
0025.03  000.479  0000001  006.551  0000004  015.140  0000014
0026.02  000.538  0000002  006.573  0000007  015.413  0000022
0027.02  000.555  0000001  006.514  0000005  015.324  0000013
0028.02  000.678  0000004  006.639  0000010  015.669  0000025
0029.03  000.654  0000000  006.579  0000005  015.499  0000011
0030.03  000.666  0000001  006.493  0000004  015.316  0000010
0031.03  000.644  0000000  006.574  0000009  015.435  0000019
0032.03  000.624  0000000  006.681  0000010  015.578  0000020
0033.02  000.666  0000002  006.663  0000006  015.750  0000021
0034.03  000.676  0000001  006.611  0000005  015.661  0000013
0035.03  000.657  0000000  006.765  0000012  015.871  0000023
0036.03  000.638  0000000  006.799  0000008  015.819  0000014
0037.03  000.648  0000001  006.994  0000014  016.121  0000027
0038.05  000.631  0000000  007.070  0000010  016.163  0000018
0039.03  000.640  0000001  007.096  0000008  016.345  0000023
0040.03  000.649  0000001  007.094  0000007  016.386  0000018
0041.03  000.682  0000002  007.116  0000008  016.499  0000021
0042.03  000.690  0000001  007.256  0000013  016.772  0000028
0043.05  000.674  0000000  007.271  0000008  016.748  0000016
0044.05  000.658  0000000  007.310  0000009  016.822  0000020
0045.05  000.666  0000001  007.325  0000008  016.892  0000020
0046.05  000.673  0000001  007.362  0000009  016.960  0000020
0047.07  000.659  0000000  007.330  0000006  016.891  0000014
0048.05  000.645  0000000  007.347  0000008  016.920  0000018
0049.05  000.632  0000000  007.380  0000009  016.942  0000018
0050.05  000.639  0000001  007.453  0000011  017.063  0000023
0051.07  000.646  0000001  007.539  0000012  017.193  0000024
0052.07  000.634  0000000  007.452  0000003  016.978  0000006
0053.07  000.622  0000000  007.500  0000010  017.035  0000020
0054.05  000.611  0000000  007.475  0000006  016.966  0000013
0055.05  000.618  0000001  007.411  0000004  016.857  0000011
0056.07  000.642  0000002  007.348  0000004  016.801  0000014
0057.07  000.648  0000001  007.412  0000011  016.910  0000023
0058.07  000.654  0000001  007.371  0000005  016.860  0000014
0059.05  000.660  0000001  007.434  0000011  016.986  0000024
0060.07  000.666  0000001  007.442  0000008  016.981  0000017
0061.07  000.671  0000001  007.402  0000005  016.965  0000016
0062.07  000.677  0000001  007.363  0000005  016.950  0000016
0063.07  000.714  0000003  007.341  0000006  016.982  0000019
0064.07  000.702  0000000  007.336  0000007  016.951  0000015
0065.07  000.707  0000001  007.285  0000004  016.860  0000011
""""
0068.08  000.734  0000001  007.388  0000006  017.155  0000021
0069.07  000.753  0000002  007.399  0000008  017.215  0000021
0070.07  000.742  0000000  007.379  0000006  017.155  0000013
""
0071.15  000.745  0000001  007.463  0000014  017.301  0000029
"
Group 3 Stopped 6/5/2021  10:56:07
 
Count Summary
C:\ProgramData\RaDeCC\RaDeCC.sum
Runtime  CPM219   Cnt219  CPM220   Cnt220  CPMTot   CntTot
0072.12  000.763  000055  007.543  000544  017.527  001264
System Number 3
(219:Delay= 0.01 Window= 5.6)(220:Delay= 5.61 Window= 600)
Eff Last Updated  15Jan13  219= Uset  220= Uset  Tot= Uset

Paused  6/5/2021  10:54:37 70.65
Resumed 6/5/2021  10:54:39 70.65
