"""C:\RaDeCC\Data\AL557_062021\050621_orangest1cont.txt
Start Time 6/5/2021  12:42:09
Runtime  CPM219   Cnt219   CPM220   Cnt220   CPMTot   CntTot
0001.00  002.000  0000002  017.000  0000017  039.000  0000039
0002.00  001.000  0000000  015.500  0000014  034.000  0000029
0003.00  001.000  0000001  016.333  0000018  033.333  0000032
0004.00  001.000  0000001  014.500  0000009  031.750  0000027
0005.00  001.000  0000001  014.800  0000016  032.400  0000035
0006.00  000.833  0000000  014.000  0000010  031.000  0000024
0007.00  000.714  0000000  013.714  0000012  030.429  0000027
0008.02  000.873  0000002  013.347  0000011  030.437  0000031
0009.00  001.111  0000003  013.111  0000011  030.000  0000026
0010.00  001.200  0000002  013.700  0000019  030.800  0000038
0011.00  001.091  0000000  013.455  0000011  030.455  0000027
0012.02  001.248  0000003  013.981  0000020  031.290  0000041
0013.02  001.152  0000000  014.213  0000017  032.036  0000041
0014.02  001.284  0000003  014.411  0000017  032.461  0000038
""
0015.00  001.267  0000001  014.267  0000012  032.200  0000028
"
0016.02  001.249  0000001  014.110  0000012  031.530  0000022
0017.02  001.175  0000000  014.515  0000021  032.027  0000040
0018.02  001.166  0000001  014.542  0000015  032.026  0000032
0019.02  001.209  0000002  015.145  0000026  033.024  0000051
0020.02  001.249  0000002  014.838  0000009  032.873  0000030
0021.02  001.237  0000001  014.988  0000018  032.879  0000033
0022.02  001.181  0000000  015.079  0000017  032.884  0000033
0023.02  001.130  0000000  015.424  0000023  033.454  0000046
0024.02  001.207  0000003  016.031  0000030  034.185  0000051
0025.02  001.199  0000001  015.869  0000012  034.017  0000030
0026.03  001.152  0000000  015.595  0000009  033.688  0000026
0027.03  001.184  0000002  015.943  0000025  034.106  0000045
0028.02  001.178  0000001  015.634  0000007  033.694  0000022
0029.02  001.137  0000000  015.612  0000015  033.636  0000032
0030.03  001.099  0000000  015.450  0000011  033.496  0000030
0031.03  001.096  0000001  015.403  0000014  033.351  0000029
0032.03  001.093  0000001  015.390  0000015  033.340  0000033
0033.03  001.090  0000001  015.560  0000021  033.542  0000040
0034.02  001.088  0000001  015.669  0000019  033.689  0000038
0035.03  001.056  0000000  015.785  0000020  033.796  0000038
0036.03  001.082  0000002  015.763  0000015  034.024  0000042
0037.03  001.053  0000000  015.689  0000013  033.969  0000032
0038.03  001.052  0000001  015.434  0000006  033.602  0000020
0039.05  001.076  0000002  015.262  0000009  033.316  0000023
0040.03  001.074  0000001  015.312  0000017  033.397  0000036
Group 2 Stopped 6/5/2021  13:22:33
 
Count Summary
C:RaDeCC\DataRaDeCC.sum
Runtime  CPM219   Cnt219  CPM220   Cnt220  CPMTot   CntTot
0040.40  001.064  000043  015.272  000617  033.391  001349
System Number 2
(219:Delay= 0.01 Window= 5.6)(220:Delay= 5.61 Window= 600)
Eff Last Updated  15Jan13  219= Uset  220= Uset  Tot= Uset

