C:\RaDeCC\Data\AL557_062021\050621_1grey_blank4.txt
Start Time 6/5/2021  20:37:33
Runtime  CPM219   Cnt219   CPM220   Cnt220   CPMTot   CntTot
0000.98  000.000  0000000  000.000  0000000  000.000  0000000
0002.00  000.000  0000000  000.000  0000000  001.000  0000002
0003.00  000.000  0000000  000.000  0000000  001.000  0000001
0004.00  000.000  0000000  000.000  0000000  001.500  0000003
0005.00  000.000  0000000  000.000  0000000  001.600  0000002
0006.02  000.000  0000000  000.000  0000000  001.330  0000000
0007.00  000.000  0000000  000.000  0000000  001.429  0000002
0008.00  000.000  0000000  000.000  0000000  001.500  0000002
0009.00  000.000  0000000  000.000  0000000  001.444  0000001
0010.00  000.000  0000000  000.000  0000000  001.600  0000003
0011.00  000.000  0000000  000.000  0000000  001.636  0000002
0012.02  000.000  0000000  000.000  0000000  001.664  0000002
0013.02  000.000  0000000  000.000  0000000  001.536  0000000
Group 1 Stopped 6/5/2021  20:50:40
 
Count Summary
C:RaDeCC\DataRaDeCC.sum
Runtime  CPM219   Cnt219  CPM220   Cnt220  CPMTot   CntTot
0013.12  000.000  000000  000.000  000000  001.525  000020
System Number 1
(219:Delay= 0.01 Window= 5.6)(220:Delay= 5.61 Window= 600)
Eff Last Updated  15Jan13  219= Uset  220= Uset  Tot= Uset

