C:\RaDeCC\Data\AL557_062021\050621_2blue_St5.txt
Start Time 6/5/2021  13:26:45
Runtime  CPM219   Cnt219   CPM220   Cnt220   CPMTot   CntTot
0001.00  000.000  0000000  002.000  0000002  005.000  0000005
0002.00  000.000  0000000  001.000  0000000  003.500  0000002
0003.00  000.333  0000001  000.667  0000000  004.000  0000005
0004.00  000.250  0000000  000.750  0000001  004.000  0000004
0005.00  000.200  0000000  000.800  0000001  003.800  0000003
0006.00  000.167  0000000  001.167  0000003  004.333  0000007
0007.00  000.143  0000000  001.286  0000002  004.429  0000005
0008.00  000.125  0000000  001.250  0000001  004.250  0000003
0009.02  000.111  0000000  001.220  0000001  003.993  0000002
0010.02  000.100  0000000  001.298  0000002  004.093  0000005
0011.00  000.091  0000000  001.364  0000002  004.455  0000008
0012.00  000.083  0000000  001.250  0000000  004.333  0000003
0013.00  000.154  0000001  001.154  0000000  004.154  0000002
0014.02  000.143  0000000  001.141  0000001  004.209  0000005
0015.02  000.133  0000000  001.199  0000002  004.395  0000007
0016.02  000.125  0000000  001.186  0000001  004.308  0000003
0017.00  000.118  0000000  001.118  0000000  004.235  0000003
0018.02  000.111  0000000  001.110  0000001  004.274  0000005
0019.02  000.105  0000000  001.209  0000003  004.417  0000007
0020.02  000.100  0000000  001.199  0000001  004.396  0000004
0021.02  000.095  0000000  001.142  0000000  004.235  0000001
0022.03  000.091  0000000  001.135  0000001  004.266  0000005
0023.02  000.087  0000000  001.173  0000002  004.388  0000007
0024.02  000.083  0000000  001.124  0000000  004.372  0000004
0025.02  000.080  0000000  001.159  0000002  004.437  0000006
0026.02  000.077  0000000  001.153  0000001  004.497  0000006
0027.03  000.074  0000000  001.221  0000003  004.624  0000008
0028.03  000.071  0000000  001.177  0000000  004.637  0000005
0029.02  000.069  0000000  001.206  0000002  004.652  0000005
0030.02  000.067  0000000  001.233  0000002  004.697  0000006
0031.03  000.097  0000001  001.192  0000000  004.705  0000005
0032.03  000.094  0000000  001.217  0000002  004.745  0000006
0033.03  000.091  0000000  001.211  0000001  004.783  0000006
0034.03  000.088  0000000  001.175  0000000  004.672  0000001
0035.02  000.086  0000000  001.171  0000001  004.598  0000002
0036.03  000.083  0000000  001.138  0000000  004.579  0000004
0037.03  000.081  0000000  001.161  0000002  004.617  0000006
0038.03  000.079  0000000  001.131  0000000  004.575  0000003
0039.03  000.077  0000000  001.127  0000001  004.560  0000004
0040.05  000.075  0000000  001.099  0000000  004.569  0000005
0041.03  000.073  0000000  001.145  0000003  004.630  0000007
0042.03  000.071  0000000  001.118  0000000  004.592  0000003
0043.03  000.093  0000001  001.139  0000002  004.741  0000011
0044.05  000.091  0000000  001.112  0000000  004.654  0000001
0045.05  000.089  0000000  001.132  0000002  004.684  0000006
0046.05  000.087  0000000  001.173  0000003  004.799  0000010
0047.03  000.106  0000001  001.169  0000001  004.848  0000007
0048.03  000.104  0000000  001.166  0000001  004.809  0000003
0049.05  000.102  0000000  001.162  0000001  004.791  0000004
0050.05  000.100  0000000  001.179  0000002  004.835  0000007
0051.05  000.098  0000000  001.175  0000001  004.799  0000003
0052.05  000.096  0000000  001.153  0000000  004.765  0000003
0053.05  000.113  0000001  001.131  0000000  004.769  0000005
0054.05  000.111  0000000  001.129  0000001  004.792  0000006
0055.05  000.109  0000000  001.126  0000001  004.777  0000004
0056.05  000.107  0000000  001.124  0000001  004.764  0000004
0057.05  000.105  0000000  001.139  0000002  004.785  0000006
0058.07  000.103  0000000  001.154  0000002  004.839  0000008
0059.05  000.102  0000000  001.152  0000001  004.843  0000005
0060.07  000.100  0000000  001.165  0000002  004.845  0000005
0061.07  000.115  0000001  001.179  0000002  004.864  0000006
0062.05  000.113  0000000  001.193  0000002  004.883  0000006
0063.05  000.111  0000000  001.221  0000003  004.933  0000008
0064.07  000.125  0000001  001.202  0000000  004.901  0000003
0065.07  000.123  0000000  001.199  0000001  004.857  0000002
0066.07  000.136  0000001  001.196  0000001  004.874  0000006
0067.07  000.134  0000000  001.178  0000000  004.906  0000007
0068.05  000.132  0000000  001.176  0000001  004.879  0000003
0069.07  000.130  0000000  001.158  0000000  004.923  0000008
0070.07  000.128  0000000  001.142  0000000  004.895  0000003
0071.07  000.127  0000000  001.154  0000002  004.925  0000007
0072.08  000.125  0000000  001.151  0000001  004.883  0000002
0073.07  000.137  0000001  001.136  0000000  004.913  0000007
0074.08  000.135  0000000  001.134  0000001  004.886  0000003
0075.08  000.133  0000000  001.132  0000001  004.928  0000008
0076.07  000.131  0000000  001.117  0000000  004.890  0000002
0077.07  000.130  0000000  001.116  0000001  004.892  0000005
0078.08  000.128  0000000  001.127  0000002  004.918  0000007
0079.08  000.126  0000000  001.125  0000001  004.894  0000003
0080.08  000.125  0000000  001.136  0000002  004.907  0000006
0081.07  000.136  0000001  001.160  0000003  004.959  0000009
0082.08  000.134  0000000  001.145  0000000  004.958  0000005
0083.08  000.132  0000000  001.131  0000000  004.911  0000001
0084.08  000.131  0000000  001.118  0000000  004.888  0000003
0085.08  000.129  0000000  001.105  0000000  004.866  0000003
0086.08  000.128  0000000  001.092  0000000  004.867  0000005
0087.08  000.126  0000000  001.079  0000000  004.857  0000004
0088.10  000.125  0000000  001.067  0000000  004.824  0000002
0089.10  000.123  0000000  001.055  0000000  004.792  0000002
0090.10  000.122  0000000  001.043  0000000  004.784  0000004
0091.10  000.121  0000000  001.043  0000001  004.775  0000004
0092.10  000.119  0000000  001.053  0000002  004.799  0000007
0093.08  000.118  0000000  001.053  0000001  004.791  0000004
0094.08  000.117  0000000  001.042  0000000  004.740  0000000
0095.10  000.116  0000000  001.030  0000000  004.711  0000002
0096.10  000.114  0000000  001.041  0000002  004.776  0000011
0097.10  000.113  0000000  001.040  0000001  004.768  0000004
0098.08  000.112  0000000  001.060  0000003  004.771  0000005
0099.10  000.111  0000000  001.070  0000002  004.813  0000009
0100.10  000.110  0000000  001.099  0000004  004.855  0000009
0101.10  000.109  0000000  001.088  0000000  004.807  0000000
0102.10  000.108  0000000  001.077  0000000  004.770  0000001
0103.10  000.107  0000000  001.067  0000000  004.772  0000005
0104.10  000.106  0000000  001.057  0000000  004.755  0000003
0105.10  000.105  0000000  001.047  0000000  004.729  0000002
0106.10  000.104  0000000  001.046  0000001  004.713  0000003
0107.10  000.103  0000000  001.036  0000000  004.669  0000000
0108.12  000.102  0000000  001.027  0000000  004.625  0000000
0109.12  000.101  0000000  001.017  0000000  004.610  0000003
0110.10  000.100  0000000  001.008  0000000  004.569  0000000
0111.10  000.099  0000000  000.999  0000000  004.545  0000002
0112.12  000.098  0000000  000.999  0000001  004.540  0000004
0113.12  000.097  0000000  000.990  0000000  004.535  0000004
0114.12  000.105  0000001  000.981  0000000  004.530  0000004
0115.12  000.104  0000000  000.990  0000002  004.543  0000006
0116.10  000.103  0000000  000.999  0000002  004.574  0000008
0117.12  000.102  0000000  000.990  0000000  004.560  0000003
0118.12  000.110  0000001  000.982  0000000  004.580  0000007
0119.12  000.109  0000000  000.991  0000002  004.601  0000007
0120.12  000.108  0000000  000.982  0000000  004.579  0000002
0121.13  000.107  0000000  000.991  0000002  004.590  0000006
0122.12  000.106  0000000  000.983  0000000  004.569  0000002
0123.12  000.106  0000000  000.975  0000000  004.549  0000002
0124.12  000.105  0000000  000.967  0000000  004.544  0000004
0125.13  000.104  0000000  000.959  0000000  004.539  0000004
0126.13  000.103  0000000  000.951  0000000  004.551  0000006
0127.13  000.102  0000000  000.944  0000000  004.531  0000002
0128.12  000.101  0000000  000.952  0000002  004.566  0000009
0129.12  000.101  0000000  000.945  0000000  004.554  0000003
0130.13  000.100  0000000  000.953  0000002  004.565  0000006
0131.13  000.107  0000001  000.953  0000001  004.568  0000005
0132.13  000.106  0000000  000.946  0000000  004.564  0000004
0133.13  000.105  0000000  000.939  0000000  004.552  0000003
0134.13  000.104  0000000  000.939  0000001  004.555  0000005
0135.13  000.104  0000000  000.932  0000000  004.551  0000004
0136.13  000.103  0000000  000.940  0000002  004.547  0000004
0137.13  000.102  0000000  000.933  0000000  004.528  0000002
0138.15  000.101  0000000  000.934  0000001  004.517  0000003
0139.15  000.101  0000000  000.927  0000000  004.513  0000004
0140.13  000.100  0000000  000.928  0000001  004.496  0000002
0141.13  000.099  0000000  000.942  0000003  004.513  0000007
0142.13  000.098  0000000  000.936  0000000  004.489  0000001
0143.15  000.098  0000000  000.936  0000001  004.485  0000004
0144.15  000.097  0000000  000.930  0000000  004.468  0000002
0145.15  000.096  0000000  000.923  0000000  004.444  0000001
0146.13  000.096  0000000  000.924  0000001  004.427  0000002
0147.15  000.095  0000000  000.938  0000003  004.458  0000009
0148.15  000.094  0000000  000.931  0000000  004.475  0000007
0149.15  000.094  0000000  000.925  0000000  004.459  0000002
0150.15  000.093  0000000  000.926  0000001  004.462  0000005
0151.17  000.093  0000000  000.920  0000000  004.485  0000008
0152.15  000.092  0000000  000.920  0000001  004.469  0000002
0153.15  000.091  0000000  000.921  0000001  004.460  0000003
0154.15  000.091  0000000  000.921  0000001  004.470  0000006
0155.15  000.090  0000000  000.922  0000001  004.467  0000004
0156.17  000.090  0000000  000.916  0000000  004.444  0000001
0157.15  000.089  0000000  000.929  0000003  004.480  0000010
0158.15  000.089  0000000  000.929  0000001  004.489  0000006
0159.15  000.088  0000000  000.936  0000002  004.518  0000009
0160.17  000.087  0000000  000.943  0000002  004.527  0000006
0161.17  000.087  0000000  000.949  0000002  004.548  0000008
0162.17  000.086  0000000  000.950  0000001  004.545  0000004
0163.15  000.086  0000000  000.950  0000001  004.530  0000002
0164.17  000.085  0000000  000.944  0000000  004.544  0000007
0165.17  000.085  0000000  000.938  0000000  004.529  0000002
0166.17  000.084  0000000  000.933  0000000  004.514  0000002
0167.17  000.084  0000000  000.933  0000001  004.522  0000006
0168.17  000.089  0000001  000.928  0000000  004.507  0000002
0169.17  000.089  0000000  000.922  0000000  004.493  0000002
0170.17  000.088  0000000  000.917  0000000  004.478  0000002
0171.17  000.088  0000000  000.917  0000001  004.493  0000007
0172.17  000.087  0000000  000.912  0000000  004.490  0000004
0173.18  000.087  0000000  000.907  0000000  004.469  0000001
0174.18  000.086  0000000  000.907  0000001  004.478  0000006
0175.17  000.086  0000000  000.908  0000001  004.481  0000005
0176.17  000.085  0000000  000.914  0000002  004.484  0000005
0177.18  000.085  0000000  000.914  0000001  004.470  0000002
0178.18  000.084  0000000  000.915  0000001  004.473  0000005
0179.17  000.084  0000000  000.910  0000000  004.454  0000001
0180.18  000.083  0000000  000.905  0000000  004.440  0000002
0181.18  000.088  0000001  000.900  0000000  004.443  0000005
0182.18  000.088  0000000  000.906  0000002  004.457  0000007
0183.18  000.087  0000000  000.906  0000001  004.465  0000006
0184.18  000.087  0000000  000.901  0000000  004.447  0000001
0185.18  000.086  0000000  000.907  0000002  004.466  0000008
0186.18  000.086  0000000  000.908  0000001  004.479  0000007
0187.18  000.085  0000000  000.903  0000000  004.488  0000006
0188.18  000.085  0000000  000.903  0000001  004.485  0000004
0189.20  000.085  0000000  000.899  0000000  004.471  0000002
0190.18  000.084  0000000  000.899  0000001  004.469  0000004
0191.18  000.084  0000000  000.894  0000000  004.451  0000001
0192.18  000.083  0000000  000.890  0000000  004.433  0000001
0193.20  000.083  0000000  000.890  0000001  004.436  0000005
0194.20  000.082  0000000  000.886  0000000  004.413  0000000
0195.20  000.082  0000000  000.886  0000001  004.401  0000002
0196.18  000.082  0000000  000.882  0000000  004.379  0000000
0197.20  000.086  0000001  000.877  0000000  004.376  0000004
0198.20  000.086  0000000  000.878  0000001  004.374  0000004
0199.20  000.085  0000000  000.879  0000001  004.378  0000005
0200.20  000.085  0000000  000.879  0000001  004.376  0000004
0201.20  000.084  0000000  000.875  0000000  004.359  0000001
0202.20  000.084  0000000  000.870  0000000  004.347  0000002
0203.20  000.084  0000000  000.871  0000001  004.355  0000006
0204.20  000.083  0000000  000.867  0000000  004.344  0000002
0205.20  000.083  0000000  000.867  0000001  004.357  0000007
0206.22  000.087  0000001  000.873  0000002  004.389  0000011
0207.22  000.092  0000001  000.869  0000000  004.387  0000004
0208.20  000.091  0000000  000.865  0000000  004.371  0000001
0209.20  000.091  0000000  000.875  0000003  004.383  0000007
0210.20  000.090  0000000  000.871  0000000  004.372  0000002
0211.22  000.090  0000000  000.871  0000001  004.375  0000005
0212.22  000.090  0000000  000.867  0000000  004.354  0000000
0213.22  000.089  0000000  000.863  0000000  004.343  0000002
0214.22  000.093  0000001  000.864  0000001  004.360  0000008
0215.22  000.093  0000000  000.869  0000002  004.368  0000006
0216.22  000.092  0000000  000.865  0000000  004.361  0000003
0217.22  000.092  0000000  000.861  0000000  004.341  0000000
0218.22  000.092  0000000  000.862  0000001  004.340  0000004
0219.22  000.091  0000000  000.858  0000000  004.343  0000005
0220.22  000.091  0000000  000.858  0000001  004.346  0000005
0221.22  000.090  0000000  000.854  0000000  004.340  0000003
0222.22  000.090  0000000  000.855  0000001  004.347  0000006
0223.23  000.090  0000000  000.851  0000000  004.336  0000002
0224.23  000.089  0000000  000.852  0000001  004.339  0000005
0225.22  000.089  0000000  000.848  0000000  004.342  0000005
0226.22  000.088  0000000  000.853  0000002  004.337  0000003
0227.23  000.088  0000000  000.858  0000002  004.339  0000005
0228.23  000.088  0000000  000.859  0000001  004.338  0000004
0229.23  000.087  0000000  000.864  0000002  004.345  0000006
0230.23  000.087  0000000  000.860  0000000  004.335  0000002
0231.23  000.086  0000000  000.856  0000000  004.320  0000001
0232.23  000.086  0000000  000.853  0000000  004.315  0000003
0233.23  000.086  0000000  000.853  0000001  004.309  0000003
0234.23  000.085  0000000  000.854  0000001  004.316  0000006
0235.25  000.085  0000000  000.859  0000002  004.323  0000006
0236.25  000.085  0000000  000.863  0000002  004.322  0000004
0237.23  000.084  0000000  000.860  0000000  004.312  0000002
0238.23  000.084  0000000  000.856  0000000  004.303  0000002
0239.25  000.084  0000000  000.853  0000000  004.284  0000000
0240.25  000.083  0000000  000.849  0000000  004.266  0000000
0241.25  000.083  0000000  000.846  0000000  004.257  0000002
0242.25  000.083  0000000  000.846  0000001  004.256  0000004
0243.25  000.082  0000000  000.847  0000001  004.251  0000003
0244.25  000.082  0000000  000.843  0000000  004.242  0000002
0245.25  000.082  0000000  000.844  0000001  004.241  0000004
0246.25  000.081  0000000  000.841  0000000  004.227  0000001
0247.25  000.081  0000000  000.837  0000000  004.218  0000002
0248.25  000.081  0000000  000.834  0000000  004.213  0000003
0249.25  000.080  0000000  000.830  0000000  004.209  0000003
0250.25  000.080  0000000  000.835  0000002  004.216  0000006
0251.25  000.080  0000000  000.840  0000002  004.215  0000004
0252.27  000.079  0000000  000.844  0000002  004.226  0000007
0253.27  000.079  0000000  000.849  0000002  004.233  0000006
0254.25  000.079  0000000  000.853  0000002  004.232  0000004
0255.25  000.078  0000000  000.858  0000002  004.235  0000005
0256.27  000.082  0000001  000.858  0000001  004.238  0000005
0257.27  000.082  0000000  000.855  0000000  004.225  0000001
0258.27  000.081  0000000  000.856  0000001  004.224  0000004
0259.27  000.081  0000000  000.856  0000001  004.220  0000003
0260.27  000.081  0000000  000.853  0000000  004.215  0000003
0261.27  000.080  0000000  000.850  0000000  004.203  0000001
0262.27  000.080  0000000  000.846  0000000  004.190  0000001
0263.27  000.080  0000000  000.847  0000001  004.190  0000004
0264.27  000.079  0000000  000.844  0000000  004.178  0000001
0265.28  000.079  0000000  000.841  0000000  004.177  0000004
0266.27  000.079  0000000  000.841  0000001  004.184  0000006
0267.27  000.079  0000000  000.842  0000001  004.183  0000004
Group 3 Stopped 6/5/2021  17:54:25
 
Count Summary
C:RaDeCC\DataRaDeCC.sum
Runtime  CPM219   Cnt219  CPM220   Cnt220  CPMTot   CntTot
0267.67  000.078  000021  000.841  000225  004.181  001119
System Number 3
(219:Delay= 0.01 Window= 5.6)(220:Delay= 5.61 Window= 600)
Eff Last Updated  15Jan13  219= Uset  220= Uset  Tot= Uset

