C:\RaDeCC\Data\AL557_062021\050621_2blue_blank2.txt
Start Time 6/5/2021  12:48:53
Runtime  CPM219   Cnt219   CPM220   Cnt220   CPMTot   CntTot
0000.98  000.000  0000000  000.000  0000000  003.051  0000003
0002.00  000.000  0000000  000.000  0000000  002.000  0000001
0003.00  000.000  0000000  000.000  0000000  001.333  0000000
0004.00  000.000  0000000  000.000  0000000  001.500  0000002
0005.00  000.000  0000000  000.000  0000000  001.200  0000000
0005.98  000.000  0000000  000.000  0000000  001.003  0000000
0007.00  000.000  0000000  000.000  0000000  000.857  0000000
0008.00  000.000  0000000  000.000  0000000  001.125  0000003
0009.00  000.000  0000000  000.000  0000000  001.000  0000000
0010.00  000.000  0000000  000.000  0000000  001.100  0000002
0011.02  000.000  0000000  000.000  0000000  001.089  0000001
0012.00  000.000  0000000  000.000  0000000  001.167  0000002
0013.00  000.000  0000000  000.000  0000000  001.077  0000000
Group 3 Stopped 6/5/2021  13:02:16
 
Count Summary
C:RaDeCC\DataRaDeCC.sum
Runtime  CPM219   Cnt219  CPM220   Cnt220  CPMTot   CntTot
0013.38  000.000  000000  000.000  000000  001.046  000014
System Number 3
(219:Delay= 0.01 Window= 5.6)(220:Delay= 5.61 Window= 600)
Eff Last Updated  15Jan13  219= Uset  220= Uset  Tot= Uset

