"""""""""""""""""""""""""""""""C:\RaDeCC\Data\AL557_062021\050621_2blue_blank1.txt
Start Time 6/5/2021  08:33:17
Runtime  CPM219   Cnt219   CPM220   Cnt220   CPMTot   CntTot
0001.00  000.000  0000000  000.000  0000000  000.000  0000000
""""""""""""""""
0002.00  000.000  0000000  000.000  0000000  000.000  0000000
""""""""
0003.00  000.000  0000000  000.000  0000000  000.000  0000000
0004.00  000.000  0000000  000.000  0000000  000.000  0000000
0005.00  000.000  0000000  000.000  0000000  000.000  0000000
0006.00  000.000  0000000  000.000  0000000  000.167  0000001
0007.00  000.000  0000000  000.000  0000000  000.143  0000000
0008.00  000.000  0000000  000.125  0000001  000.375  0000002
0009.02  000.000  0000000  000.111  0000000  000.333  0000000
0010.00  000.000  0000000  000.100  0000000  000.300  0000000
0011.00  000.000  0000000  000.091  0000000  000.273  0000000
0012.00  000.000  0000000  000.083  0000000  000.333  0000001
0013.00  000.000  0000000  000.077  0000000  000.308  0000000
0014.02  000.000  0000000  000.071  0000000  000.428  0000002
0015.02  000.000  0000000  000.067  0000000  000.400  0000000
0016.00  000.000  0000000  000.063  0000000  000.375  0000000
0017.00  000.000  0000000  000.059  0000000  000.353  0000000
0018.02  000.000  0000000  000.056  0000000  000.333  0000000
""""
0019.02  000.000  0000000  000.053  0000000  000.316  0000000
0020.02  000.000  0000000  000.050  0000000  000.300  0000000
0021.02  000.000  0000000  000.048  0000000  000.285  0000000
0022.00  000.000  0000000  000.045  0000000  000.273  0000000
0023.02  000.000  0000000  000.043  0000000  000.261  0000000
0024.02  000.000  0000000  000.042  0000000  000.250  0000000
0025.02  000.000  0000000  000.040  0000000  000.240  0000000
0026.02  000.000  0000000  000.038  0000000  000.231  0000000
0027.03  000.000  0000000  000.037  0000000  000.222  0000000
0028.02  000.000  0000000  000.036  0000000  000.214  0000000
0029.02  000.000  0000000  000.034  0000000  000.207  0000000
0030.02  000.000  0000000  000.033  0000000  000.200  0000000
0031.03  000.000  0000000  000.032  0000000  000.193  0000000
0032.03  000.000  0000000  000.031  0000000  000.219  0000001
0033.03  000.000  0000000  000.030  0000000  000.242  0000001
0034.02  000.000  0000000  000.029  0000000  000.265  0000001
0035.02  000.000  0000000  000.029  0000000  000.314  0000002
0036.03  000.000  0000000  000.028  0000000  000.333  0000001
""
"
Group 3 Stopped 6/5/2021  09:10:31
 
Count Summary
C:\ProgramData\RaDeCC\RaDeCC.sum
Runtime  CPM219   Cnt219  CPM220   Cnt220  CPMTot   CntTot
0037.23  000.000  000000  000.027  000001  000.322  000012
System Number 3
(219:Delay= 0.01 Window= 5.6)(220:Delay= 5.61 Window= 600)
Eff Last Updated  15Jan13  219= Uset  220= Uset  Tot= Uset

