C:\RaDeCC\Data\AL557_062021\050621_6grey_blank3.txt
Start Time 6/5/2021  14:17:38
Runtime  CPM219   Cnt219   CPM220   Cnt220   CPMTot   CntTot
0001.00  000.000  0000000  000.000  0000000  003.000  0000003
0001.98  000.000  0000000  000.000  0000000  002.017  0000001
0002.98  000.000  0000000  000.000  0000000  001.676  0000001
0004.00  000.000  0000000  000.000  0000000  001.250  0000000
0005.00  000.000  0000000  000.000  0000000  001.400  0000002
0006.00  000.000  0000000  000.000  0000000  001.167  0000000
0007.00  000.000  0000000  000.000  0000000  001.143  0000001
0008.00  000.000  0000000  000.000  0000000  001.125  0000001
0009.00  000.000  0000000  000.000  0000000  001.222  0000002
0010.02  000.000  0000000  000.000  0000000  001.098  0000000
0011.00  000.000  0000000  000.000  0000000  001.091  0000001
0012.00  000.000  0000000  000.083  0000001  001.167  0000002
0013.00  000.000  0000000  000.077  0000000  001.154  0000001
0014.00  000.000  0000000  000.071  0000000  001.071  0000000
0015.02  000.000  0000000  000.067  0000000  001.132  0000002
0016.00  000.000  0000000  000.063  0000000  001.063  0000000
0017.00  000.000  0000000  000.059  0000000  001.118  0000002
0018.00  000.000  0000000  000.056  0000000  001.056  0000000
Group 1 Stopped 6/5/2021  14:36:12
 
Count Summary
C:RaDeCC\DataRaDeCC.sum
Runtime  CPM219   Cnt219  CPM220   Cnt220  CPMTot   CntTot
0018.57  000.000  000000  000.054  000001  001.023  000019
System Number 1
(219:Delay= 0.01 Window= 5.6)(220:Delay= 5.61 Window= 600)
Eff Last Updated  15Jan13  219= Uset  220= Uset  Tot= Uset

