C:\RaDeCC\Data\AL557_062021\060621_grey_blank_2.txt
Start Time 6/6/2021  13:06:16
Runtime  CPM219   Cnt219   CPM220   Cnt220   CPMTot   CntTot
0000.98  000.000  0000000  000.000  0000000  001.017  0000001
0001.98  000.000  0000000  000.000  0000000  000.504  0000000
0003.00  000.000  0000000  000.000  0000000  000.667  0000001
0004.00  000.000  0000000  000.000  0000000  000.500  0000000
0005.00  000.000  0000000  000.000  0000000  000.400  0000000
0005.98  000.000  0000000  000.000  0000000  000.669  0000002
0006.98  000.000  0000000  000.000  0000000  000.716  0000001
0008.00  000.000  0000000  000.000  0000000  000.750  0000001
0009.00  000.000  0000000  000.000  0000000  000.889  0000002
0010.00  000.000  0000000  000.000  0000000  000.900  0000001
0011.00  000.000  0000000  000.000  0000000  000.818  0000000
0012.00  000.000  0000000  000.000  0000000  000.917  0000002
0013.00  000.000  0000000  000.000  0000000  000.846  0000000
0014.00  000.000  0000000  000.000  0000000  000.857  0000001
0015.00  000.000  0000000  000.000  0000000  000.867  0000001
Group 1 Stopped 6/6/2021  13:21:41
 
Count Summary
C:RaDeCC\DataRaDeCC.sum
Runtime  CPM219   Cnt219  CPM220   Cnt220  CPMTot   CntTot
0015.42  000.000  000000  000.000  000000  000.843  000013
System Number 1
(219:Delay= 0.01 Window= 5.6)(220:Delay= 5.61 Window= 600)
Eff Last Updated  15Jan13  219= Uset  220= Uset  Tot= Uset

